Well Row,,A,A,A,A,A,A,A,A,A,A,A,A,B,B,B,B,B,B,B,B,B,B,B,B,C,C,C,C,C,C,C,C,C,C,C,C,D,D,D,D,D,D,D,D,D,D,D,D,E,E,E,E,E,E,E,E,E,E,E,E,F,F,F,F,F,F,F,F,F,F,F,F,G,G,G,G,G,G,G,G,G,G,G,G,H,H,H,H,H,H,H,H,H,H,H,H
Well Col,,1,2,3,4,5,6,7,8,9,10,11,12,1,2,3,4,5,6,7,8,9,10,11,12,1,2,3,4,5,6,7,8,9,10,11,12,1,2,3,4,5,6,7,8,9,10,11,12,1,2,3,4,5,6,7,8,9,10,11,12,1,2,3,4,5,6,7,8,9,10,11,12,1,2,3,4,5,6,7,8,9,10,11,12,1,2,3,4,5,6,7,8,9,10,11,12
Content,Time,Sample X1,Sample X2,Sample X3,Sample X4,Sample X5,Sample X6,Sample X7,Sample X8,Sample X9,Sample X10,Sample X11,Sample X12,Sample X13,Sample X14,Sample X15,Sample X16,Sample X17,Sample X18,Sample X19,Sample X20,Sample X21,Sample X22,Sample X23,Sample X24,Sample X25,Sample X26,Sample X27,Sample X28,Sample X29,Sample X30,Sample X31,Sample X32,Sample X33,Sample X34,Sample X35,Sample X36,Sample X37,Sample X38,Sample X39,Sample X40,Sample X41,Sample X42,Sample X43,Sample X44,Sample X45,Sample X46,Sample X47,Sample X48,Sample X49,Sample X50,Sample X51,Sample X52,Sample X53,Sample X54,Sample X55,Sample X56,Sample X57,Sample X58,Sample X59,Sample X60,Sample X61,Sample X62,Sample X63,Sample X64,Sample X65,Sample X66,Sample X67,Sample X68,Sample X69,Sample X70,Sample X71,Sample X72,Sample X73,Sample X74,Sample X75,Sample X76,Sample X77,Sample X78,Sample X79,Sample X80,Sample X81,Sample X82,Sample X83,Sample X84,Sample X85,Sample X86,Sample X87,Sample X88,Sample X89,Sample X90,Sample X91,Sample X92,Sample X93,Sample X94,Sample X95,Sample X96
Raw Data (600),0 h ,0.652,0.574,0.602,0.576,0.559,0.542,0.52,0.522,0.522,0.543,0.531,0.499,0.759,0.749,0.732,0.726,0.7,0.713,0.715,0.735,0.649,0.67,0.557,0.52,0.7,0.791,0.788,0.713,0.718,0.722,0.637,0.734,0.719,0.691,0.549,0.565,0.733,0.891,0.766,0.745,0.844,0.716,0.745,0.75,0.679,0.712,0.648,0.688,0.747,0.75,0.757,0.869,0.803,0.696,0.638,0.764,0.759,0.754,0.686,0.785,0.688,0.773,0.819,0.774,0.743,0.731,0.717,0.629,0.699,0.655,0.663,0.671,0.085,0.083,0.083,0.085,0.084,0.083,0.083,0.086,0.085,0.087,0.084,0.085,0.8,0.781,0.811,0.749,0.727,0.719,0.729,0.832,0.775,0.646,0.671,0.625
Raw Data (600),0 h 10 min,0.643,0.568,0.593,0.572,0.552,0.54,0.518,0.523,0.516,0.544,0.517,0.489,0.735,0.74,0.726,0.739,0.712,0.728,0.716,0.72,0.644,0.66,0.558,0.551,0.688,0.776,0.768,0.72,0.707,0.749,0.691,0.738,0.742,0.682,0.554,0.576,0.709,0.87,0.759,0.746,0.838,0.724,0.75,0.749,0.679,0.707,0.646,0.703,0.75,0.758,0.762,0.895,0.855,0.727,0.695,0.775,0.758,0.747,0.68,0.784,0.684,0.756,0.809,0.749,0.732,0.699,0.675,0.607,0.666,0.624,0.628,0.655,0.084,0.082,0.083,0.085,0.082,0.083,0.083,0.085,0.084,0.086,0.084,0.084,0.802,0.78,0.807,0.74,0.722,0.712,0.746,0.829,0.773,0.665,0.659,0.635
Raw Data (600),0 h 20 min,0.642,0.566,0.58,0.582,0.554,0.545,0.51,0.52,0.528,0.585,0.539,0.5,0.728,0.741,0.712,0.732,0.715,0.713,0.692,0.69,0.619,0.63,0.545,0.557,0.684,0.779,0.772,0.741,0.727,0.77,0.743,0.756,0.791,0.658,0.563,0.598,0.717,0.894,0.758,0.783,0.857,0.725,0.751,0.749,0.671,0.716,0.656,0.718,0.714,0.712,0.732,0.814,0.789,0.709,0.665,0.716,0.718,0.706,0.614,0.738,0.695,0.749,0.786,0.745,0.731,0.719,0.709,0.646,0.689,0.665,0.657,0.688,0.085,0.081,0.084,0.085,0.083,0.083,0.083,0.085,0.084,0.085,0.084,0.085,0.821,0.818,0.824,0.76,0.752,0.764,0.789,0.824,0.756,0.693,0.683,0.652
Raw Data (600),0 h 30 min,0.641,0.578,0.604,0.588,0.563,0.562,0.528,0.529,0.532,0.577,0.534,0.505,0.715,0.739,0.729,0.744,0.727,0.714,0.709,0.701,0.654,0.654,0.575,0.573,0.691,0.794,0.787,0.749,0.736,0.791,0.779,0.768,0.811,0.662,0.572,0.615,0.693,0.845,0.741,0.748,0.838,0.707,0.725,0.725,0.663,0.687,0.654,0.683,0.721,0.732,0.732,0.834,0.805,0.713,0.678,0.715,0.737,0.703,0.621,0.737,0.697,0.743,0.748,0.724,0.716,0.69,0.676,0.639,0.692,0.664,0.656,0.7,0.084,0.082,0.083,0.084,0.084,0.082,0.083,0.084,0.084,0.085,0.084,0.084,0.828,0.804,0.84,0.777,0.779,0.76,0.758,0.856,0.811,0.696,0.692,0.683
Raw Data (600),0 h 40 min,0.65,0.573,0.601,0.602,0.57,0.575,0.517,0.532,0.552,0.595,0.553,0.526,0.716,0.734,0.717,0.741,0.731,0.715,0.708,0.694,0.658,0.65,0.569,0.583,0.689,0.784,0.772,0.733,0.724,0.781,0.787,0.754,0.796,0.654,0.563,0.655,0.693,0.865,0.746,0.765,0.839,0.723,0.744,0.743,0.697,0.699,0.679,0.714,0.73,0.73,0.738,0.851,0.822,0.719,0.699,0.712,0.741,0.691,0.631,0.738,0.69,0.748,0.824,0.774,0.766,0.757,0.748,0.673,0.711,0.668,0.666,0.684,0.084,0.081,0.082,0.084,0.082,0.082,0.082,0.085,0.084,0.085,0.083,0.084,0.829,0.813,0.829,0.766,0.771,0.768,0.77,0.827,0.766,0.708,0.705,0.703
Raw Data (600),0 h 50 min,0.655,0.583,0.619,0.62,0.586,0.584,0.538,0.551,0.579,0.616,0.576,0.538,0.725,0.739,0.723,0.746,0.736,0.723,0.709,0.704,0.661,0.652,0.57,0.583,0.676,0.756,0.757,0.727,0.718,0.753,0.752,0.744,0.77,0.662,0.591,0.621,0.693,0.853,0.757,0.763,0.839,0.729,0.759,0.757,0.711,0.726,0.698,0.744,0.72,0.721,0.736,0.817,0.797,0.723,0.69,0.713,0.735,0.692,0.63,0.742,0.711,0.759,0.84,0.777,0.749,0.762,0.761,0.711,0.711,0.684,0.685,0.71,0.084,0.082,0.084,0.085,0.084,0.083,0.083,0.085,0.086,0.086,0.084,0.084,0.841,0.823,0.838,0.78,0.781,0.767,0.769,0.835,0.783,0.702,0.712,0.699
Raw Data (600),1 h ,0.65,0.571,0.595,0.613,0.576,0.565,0.524,0.546,0.565,0.617,0.569,0.505,0.722,0.739,0.717,0.739,0.731,0.718,0.71,0.708,0.667,0.659,0.57,0.598,0.684,0.773,0.763,0.745,0.732,0.759,0.743,0.755,0.773,0.674,0.595,0.642,0.687,0.836,0.75,0.743,0.833,0.724,0.736,0.75,0.703,0.694,0.684,0.71,0.728,0.719,0.724,0.817,0.792,0.709,0.685,0.698,0.724,0.679,0.614,0.73,0.71,0.748,0.824,0.774,0.747,0.764,0.754,0.694,0.7,0.679,0.668,0.687,0.084,0.083,0.084,0.085,0.083,0.083,0.084,0.086,0.085,0.087,0.084,0.085,0.832,0.811,0.83,0.777,0.783,0.762,0.754,0.814,0.747,0.677,0.68,0.649
Raw Data (600),1 h 10 min,0.641,0.586,0.605,0.594,0.569,0.569,0.541,0.547,0.546,0.577,0.55,0.515,0.719,0.733,0.723,0.749,0.737,0.722,0.707,0.702,0.664,0.649,0.567,0.595,0.683,0.767,0.757,0.741,0.726,0.767,0.751,0.746,0.775,0.673,0.593,0.645,0.678,0.819,0.736,0.737,0.807,0.705,0.734,0.73,0.695,0.694,0.681,0.717,0.729,0.727,0.742,0.836,0.821,0.736,0.718,0.727,0.752,0.709,0.65,0.767,0.703,0.752,0.835,0.781,0.767,0.763,0.758,0.696,0.712,0.675,0.675,0.679,0.084,0.083,0.083,0.084,0.082,0.083,0.082,0.085,0.084,0.086,0.084,0.084,0.841,0.823,0.839,0.78,0.792,0.773,0.759,0.83,0.767,0.695,0.699,0.674
Raw Data (600),1 h 20 min,0.648,0.594,0.619,0.598,0.58,0.578,0.555,0.551,0.557,0.589,0.552,0.526,0.719,0.735,0.726,0.745,0.734,0.715,0.711,0.71,0.683,0.67,0.587,0.621,0.686,0.765,0.755,0.743,0.731,0.765,0.752,0.746,0.761,0.675,0.604,0.652,0.701,0.847,0.746,0.764,0.843,0.717,0.74,0.732,0.693,0.693,0.688,0.713,0.739,0.737,0.743,0.837,0.809,0.73,0.717,0.717,0.744,0.693,0.636,0.747,0.716,0.745,0.793,0.751,0.73,0.728,0.712,0.679,0.699,0.67,0.677,0.693,0.084,0.082,0.083,0.085,0.082,0.083,0.082,0.085,0.084,0.086,0.084,0.084,0.839,0.817,0.833,0.773,0.783,0.758,0.727,0.824,0.77,0.681,0.684,0.706
Raw Data (600),1 h 30 min,0.655,0.591,0.609,0.604,0.58,0.573,0.544,0.549,0.553,0.595,0.557,0.512,0.734,0.744,0.735,0.749,0.73,0.725,0.718,0.717,0.687,0.66,0.58,0.632,0.689,0.765,0.763,0.74,0.733,0.762,0.761,0.752,0.773,0.668,0.598,0.661,0.709,0.858,0.765,0.774,0.853,0.728,0.739,0.756,0.704,0.705,0.688,0.734,0.729,0.723,0.722,0.809,0.79,0.711,0.696,0.693,0.715,0.675,0.61,0.723,0.716,0.757,0.832,0.782,0.77,0.773,0.767,0.716,0.718,0.684,0.692,0.703,0.085,0.082,0.083,0.085,0.083,0.083,0.083,0.086,0.085,0.087,0.085,0.085,0.846,0.815,0.834,0.766,0.777,0.763,0.737,0.805,0.758,0.677,0.685,0.705
Raw Data (600),1 h 40 min,0.653,0.597,0.615,0.603,0.577,0.585,0.554,0.554,0.564,0.596,0.561,0.516,0.721,0.733,0.719,0.735,0.729,0.718,0.71,0.7,0.659,0.65,0.582,0.632,0.678,0.758,0.759,0.714,0.705,0.746,0.771,0.729,0.749,0.654,0.575,0.672,0.694,0.816,0.73,0.751,0.821,0.698,0.716,0.717,0.679,0.672,0.662,0.693,0.734,0.74,0.745,0.824,0.815,0.742,0.728,0.738,0.759,0.719,0.657,0.784,0.73,0.768,0.798,0.766,0.734,0.735,0.732,0.706,0.716,0.689,0.693,0.716,0.084,0.083,0.083,0.085,0.083,0.083,0.083,0.085,0.085,0.086,0.084,0.085,0.848,0.826,0.845,0.785,0.792,0.777,0.742,0.837,0.765,0.681,0.697,0.708
Raw Data (600),1 h 50 min,0.669,0.601,0.622,0.619,0.587,0.594,0.56,0.564,0.58,0.611,0.576,0.538,0.728,0.737,0.732,0.756,0.743,0.726,0.716,0.715,0.687,0.664,0.587,0.631,0.688,0.766,0.75,0.732,0.719,0.747,0.753,0.732,0.755,0.664,0.595,0.655,0.705,0.849,0.747,0.777,0.837,0.723,0.739,0.733,0.698,0.692,0.693,0.747,0.749,0.731,0.747,0.826,0.808,0.729,0.717,0.716,0.754,0.699,0.639,0.759,0.722,0.761,0.827,0.79,0.762,0.775,0.769,0.715,0.714,0.695,0.698,0.714,0.084,0.082,0.083,0.085,0.083,0.082,0.083,0.085,0.084,0.086,0.084,0.084,0.857,0.831,0.852,0.795,0.797,0.784,0.75,0.836,0.775,0.688,0.708,0.726
Raw Data (600),2 h ,0.66,0.614,0.63,0.614,0.587,0.595,0.569,0.57,0.575,0.603,0.569,0.52,0.732,0.741,0.728,0.746,0.733,0.72,0.715,0.719,0.684,0.677,0.604,0.645,0.701,0.769,0.771,0.734,0.723,0.738,0.761,0.756,0.763,0.672,0.61,0.666,0.694,0.821,0.741,0.769,0.841,0.72,0.735,0.736,0.705,0.708,0.698,0.72,0.748,0.731,0.745,0.807,0.796,0.724,0.709,0.709,0.734,0.675,0.627,0.734,0.741,0.775,0.822,0.789,0.758,0.76,0.75,0.722,0.715,0.706,0.711,0.74,0.084,0.082,0.083,0.084,0.083,0.082,0.082,0.085,0.084,0.086,0.083,0.084,0.831,0.812,0.824,0.763,0.773,0.771,0.745,0.82,0.752,0.679,0.7,0.703
Raw Data (600),2 h 10 min,0.666,0.613,0.622,0.639,0.604,0.595,0.575,0.585,0.602,0.625,0.605,0.521,0.742,0.759,0.74,0.754,0.75,0.729,0.73,0.714,0.695,0.668,0.602,0.661,0.709,0.785,0.782,0.735,0.725,0.735,0.758,0.757,0.76,0.665,0.609,0.668,0.702,0.824,0.735,0.765,0.846,0.713,0.716,0.721,0.685,0.685,0.683,0.723,0.748,0.743,0.756,0.816,0.801,0.743,0.724,0.74,0.766,0.687,0.637,0.738,0.74,0.765,0.824,0.778,0.755,0.755,0.741,0.706,0.708,0.692,0.708,0.745,0.084,0.082,0.083,0.085,0.082,0.083,0.082,0.085,0.085,0.087,0.084,0.084,0.839,0.817,0.832,0.773,0.782,0.765,0.737,0.813,0.749,0.679,0.691,0.689
Raw Data (600),2 h 20 min,0.679,0.63,0.634,0.631,0.609,0.615,0.571,0.574,0.601,0.629,0.601,0.534,0.724,0.733,0.724,0.745,0.746,0.724,0.707,0.711,0.679,0.668,0.602,0.649,0.719,0.797,0.789,0.752,0.732,0.755,0.803,0.773,0.782,0.671,0.616,0.631,0.691,0.808,0.734,0.751,0.824,0.707,0.715,0.731,0.696,0.692,0.7,0.736,0.746,0.75,0.757,0.811,0.811,0.728,0.735,0.733,0.765,0.685,0.637,0.737,0.727,0.758,0.821,0.793,0.767,0.754,0.732,0.697,0.717,0.7,0.72,0.743,0.084,0.082,0.083,0.085,0.083,0.083,0.083,0.086,0.085,0.086,0.084,0.084,0.863,0.837,0.861,0.797,0.809,0.788,0.743,0.839,0.775,0.68,0.698,0.681
Raw Data (600),2 h 30 min,0.684,0.641,0.643,0.634,0.612,0.619,0.576,0.584,0.61,0.632,0.613,0.555,0.737,0.75,0.748,0.76,0.753,0.726,0.717,0.716,0.693,0.673,0.613,0.663,0.722,0.781,0.773,0.732,0.711,0.715,0.758,0.759,0.766,0.667,0.613,0.651,0.693,0.821,0.74,0.78,0.847,0.733,0.733,0.745,0.704,0.725,0.721,0.761,0.763,0.749,0.758,0.794,0.791,0.732,0.728,0.735,0.76,0.666,0.622,0.72,0.73,0.751,0.811,0.777,0.761,0.758,0.739,0.702,0.688,0.682,0.715,0.746,0.084,0.083,0.083,0.085,0.083,0.083,0.082,0.085,0.085,0.086,0.084,0.084,0.847,0.826,0.838,0.775,0.787,0.778,0.751,0.804,0.746,0.679,0.694,0.695
Raw Data (600),2 h 40 min,0.694,0.654,0.648,0.648,0.623,0.623,0.594,0.6,0.623,0.652,0.636,0.558,0.709,0.73,0.717,0.754,0.75,0.702,0.664,0.656,0.63,0.621,0.598,0.675,0.727,0.783,0.776,0.721,0.705,0.696,0.762,0.765,0.77,0.656,0.613,0.661,0.686,0.809,0.737,0.787,0.851,0.738,0.725,0.753,0.712,0.721,0.733,0.768,0.773,0.751,0.76,0.792,0.79,0.721,0.737,0.743,0.759,0.653,0.623,0.725,0.747,0.765,0.819,0.787,0.765,0.763,0.734,0.706,0.702,0.704,0.741,0.777,0.083,0.082,0.083,0.084,0.083,0.082,0.083,0.085,0.084,0.085,0.083,0.084,0.861,0.826,0.846,0.781,0.779,0.766,0.735,0.824,0.767,0.675,0.701,0.718
Raw Data (600),2 h 50 min,0.692,0.674,0.652,0.658,0.634,0.626,0.598,0.611,0.64,0.667,0.649,0.552,0.742,0.754,0.749,0.776,0.776,0.751,0.736,0.727,0.698,0.69,0.631,0.691,0.741,0.798,0.79,0.726,0.701,0.708,0.79,0.772,0.788,0.647,0.6,0.657,0.684,0.788,0.704,0.771,0.832,0.707,0.678,0.695,0.657,0.685,0.704,0.742,0.763,0.755,0.763,0.773,0.782,0.713,0.746,0.76,0.775,0.657,0.634,0.73,0.743,0.764,0.804,0.788,0.77,0.77,0.734,0.707,0.707,0.71,0.763,0.798,0.084,0.083,0.083,0.085,0.083,0.083,0.083,0.086,0.085,0.087,0.085,0.084,0.858,0.835,0.848,0.787,0.788,0.766,0.724,0.815,0.746,0.657,0.669,0.687
Raw Data (600),3 h ,0.715,0.685,0.674,0.679,0.65,0.647,0.617,0.629,0.659,0.689,0.667,0.566,0.744,0.753,0.753,0.777,0.785,0.763,0.748,0.736,0.72,0.705,0.643,0.713,0.76,0.799,0.782,0.723,0.7,0.698,0.79,0.782,0.797,0.652,0.605,0.646,0.685,0.811,0.714,0.806,0.85,0.732,0.695,0.713,0.675,0.7,0.74,0.789,0.781,0.768,0.781,0.772,0.776,0.711,0.751,0.762,0.781,0.648,0.618,0.719,0.733,0.759,0.814,0.813,0.808,0.781,0.739,0.714,0.736,0.747,0.802,0.837,0.084,0.083,0.083,0.085,0.083,0.084,0.083,0.086,0.086,0.086,0.085,0.085,0.856,0.828,0.846,0.785,0.784,0.773,0.728,0.828,0.771,0.679,0.7,0.72
Raw Data (600),3 h 10 min,0.722,0.704,0.686,0.691,0.66,0.652,0.628,0.641,0.68,0.704,0.685,0.572,0.747,0.766,0.759,0.793,0.799,0.776,0.749,0.729,0.709,0.692,0.655,0.726,0.769,0.812,0.795,0.725,0.715,0.695,0.795,0.802,0.81,0.659,0.623,0.649,0.69,0.813,0.715,0.831,0.864,0.742,0.703,0.712,0.666,0.711,0.742,0.774,0.782,0.771,0.789,0.766,0.768,0.704,0.755,0.776,0.789,0.641,0.608,0.696,0.741,0.752,0.818,0.795,0.792,0.771,0.721,0.695,0.702,0.722,0.786,0.819,0.084,0.082,0.083,0.085,0.082,0.082,0.082,0.086,0.085,0.086,0.084,0.084,0.843,0.825,0.842,0.77,0.772,0.767,0.718,0.808,0.747,0.67,0.692,0.703
Raw Data (600),3 h 20 min,0.736,0.723,0.707,0.71,0.679,0.677,0.657,0.669,0.704,0.723,0.704,0.588,0.759,0.775,0.766,0.81,0.822,0.799,0.773,0.755,0.747,0.737,0.682,0.755,0.782,0.819,0.795,0.708,0.697,0.684,0.809,0.807,0.812,0.661,0.62,0.64,0.681,0.779,0.719,0.802,0.844,0.756,0.696,0.728,0.686,0.737,0.776,0.825,0.807,0.779,0.797,0.761,0.757,0.691,0.756,0.778,0.794,0.634,0.601,0.686,0.76,0.762,0.806,0.8,0.815,0.777,0.715,0.701,0.721,0.755,0.816,0.846,0.084,0.082,0.083,0.085,0.083,0.083,0.083,0.085,0.085,0.086,0.085,0.085,0.864,0.836,0.858,0.793,0.794,0.777,0.724,0.825,0.759,0.671,0.692,0.706
Raw Data (600),3 h 30 min,0.755,0.75,0.729,0.735,0.706,0.703,0.674,0.688,0.733,0.742,0.721,0.607,0.755,0.774,0.774,0.824,0.841,0.808,0.772,0.749,0.745,0.749,0.699,0.77,0.81,0.839,0.812,0.716,0.708,0.714,0.822,0.825,0.843,0.678,0.641,0.659,0.687,0.773,0.708,0.807,0.835,0.755,0.69,0.702,0.67,0.737,0.781,0.826,0.831,0.795,0.821,0.78,0.775,0.697,0.781,0.797,0.816,0.639,0.616,0.699,0.74,0.751,0.836,0.816,0.845,0.821,0.754,0.717,0.725,0.754,0.815,0.854,0.083,0.083,0.083,0.084,0.082,0.083,0.083,0.086,0.085,0.086,0.084,0.085,0.859,0.836,0.849,0.787,0.785,0.773,0.733,0.816,0.745,0.681,0.688,0.695
Raw Data (600),3 h 40 min,0.77,0.767,0.741,0.748,0.723,0.722,0.691,0.708,0.754,0.754,0.744,0.628,0.776,0.801,0.794,0.852,0.862,0.828,0.784,0.75,0.743,0.746,0.719,0.773,0.807,0.844,0.812,0.704,0.709,0.689,0.83,0.828,0.837,0.68,0.63,0.65,0.688,0.78,0.714,0.846,0.876,0.783,0.708,0.712,0.671,0.767,0.81,0.857,0.835,0.804,0.825,0.763,0.762,0.688,0.78,0.81,0.832,0.639,0.612,0.694,0.749,0.746,0.818,0.8,0.836,0.801,0.718,0.695,0.715,0.746,0.814,0.859,0.085,0.083,0.084,0.086,0.083,0.084,0.083,0.086,0.085,0.086,0.085,0.085,0.855,0.834,0.85,0.784,0.784,0.773,0.731,0.82,0.737,0.685,0.688,0.697
Raw Data (600),3 h 50 min,0.786,0.788,0.758,0.771,0.74,0.736,0.716,0.729,0.782,0.78,0.763,0.646,0.782,0.801,0.801,0.858,0.866,0.844,0.799,0.777,0.77,0.779,0.736,0.81,0.826,0.851,0.82,0.712,0.719,0.693,0.839,0.839,0.844,0.698,0.619,0.653,0.691,0.789,0.717,0.864,0.883,0.799,0.729,0.726,0.692,0.786,0.825,0.869,0.848,0.818,0.843,0.774,0.767,0.698,0.8,0.827,0.855,0.638,0.613,0.687,0.753,0.75,0.817,0.819,0.853,0.82,0.726,0.714,0.724,0.767,0.848,0.884,0.084,0.083,0.083,0.085,0.083,0.083,0.082,0.085,0.084,0.086,0.084,0.084,0.847,0.832,0.841,0.781,0.774,0.766,0.721,0.812,0.752,0.675,0.692,0.703
Raw Data (600),4 h ,0.799,0.816,0.771,0.795,0.761,0.75,0.732,0.756,0.813,0.816,0.81,0.652,0.79,0.813,0.822,0.864,0.883,0.858,0.811,0.783,0.78,0.784,0.758,0.832,0.849,0.869,0.843,0.712,0.718,0.722,0.869,0.857,0.871,0.677,0.606,0.681,0.707,0.772,0.704,0.865,0.875,0.787,0.698,0.688,0.652,0.765,0.805,0.849,0.839,0.827,0.841,0.755,0.75,0.692,0.814,0.841,0.858,0.639,0.618,0.704,0.771,0.774,0.818,0.835,0.864,0.838,0.74,0.719,0.746,0.799,0.88,0.911,0.084,0.084,0.083,0.086,0.083,0.083,0.083,0.086,0.085,0.087,0.085,0.085,0.845,0.817,0.831,0.768,0.767,0.765,0.719,0.795,0.73,0.66,0.669,0.671
Raw Data (600),4 h 10 min,0.826,0.838,0.795,0.822,0.781,0.775,0.755,0.776,0.842,0.85,0.832,0.683,0.801,0.825,0.822,0.881,0.892,0.878,0.829,0.794,0.788,0.805,0.774,0.843,0.87,0.877,0.85,0.733,0.726,0.723,0.863,0.872,0.876,0.696,0.625,0.675,0.697,0.785,0.718,0.898,0.901,0.819,0.738,0.701,0.683,0.791,0.836,0.879,0.865,0.832,0.858,0.769,0.752,0.695,0.818,0.855,0.867,0.642,0.623,0.706,0.769,0.775,0.843,0.852,0.883,0.86,0.753,0.734,0.768,0.81,0.894,0.927,0.084,0.083,0.083,0.086,0.082,0.082,0.083,0.086,0.084,0.086,0.084,0.084,0.858,0.831,0.846,0.786,0.782,0.763,0.719,0.809,0.762,0.678,0.694,0.699
Raw Data (600),4 h 20 min,0.835,0.863,0.836,0.837,0.805,0.796,0.781,0.816,0.859,0.853,0.851,0.695,0.819,0.834,0.832,0.895,0.914,0.882,0.842,0.804,0.814,0.822,0.8,0.863,0.879,0.88,0.854,0.722,0.717,0.717,0.878,0.882,0.885,0.694,0.653,0.659,0.698,0.792,0.729,0.893,0.896,0.828,0.746,0.718,0.687,0.82,0.865,0.897,0.873,0.839,0.857,0.748,0.736,0.679,0.809,0.844,0.856,0.621,0.612,0.698,0.781,0.786,0.839,0.849,0.897,0.858,0.751,0.748,0.785,0.846,0.918,0.948,0.084,0.083,0.083,0.084,0.082,0.082,0.083,0.086,0.085,0.086,0.084,0.084,0.864,0.836,0.852,0.79,0.78,0.767,0.72,0.817,0.753,0.671,0.68,0.7
Raw Data (600),4 h 30 min,0.864,0.891,0.852,0.877,0.838,0.826,0.803,0.848,0.9,0.897,0.896,0.741,0.815,0.84,0.842,0.895,0.922,0.891,0.842,0.79,0.811,0.809,0.808,0.868,0.902,0.883,0.854,0.722,0.715,0.734,0.868,0.872,0.88,0.676,0.619,0.669,0.705,0.783,0.727,0.916,0.913,0.849,0.741,0.694,0.667,0.819,0.861,0.889,0.875,0.85,0.865,0.767,0.749,0.687,0.819,0.862,0.868,0.629,0.613,0.705,0.777,0.781,0.836,0.855,0.899,0.868,0.743,0.73,0.766,0.823,0.908,0.947,0.083,0.082,0.083,0.084,0.083,0.082,0.083,0.085,0.085,0.086,0.085,0.085,0.849,0.821,0.839,0.786,0.784,0.763,0.716,0.817,0.75,0.653,0.668,0.682
Raw Data (600),4 h 40 min,0.877,0.908,0.877,0.887,0.855,0.849,0.824,0.869,0.899,0.903,0.9,0.75,0.844,0.866,0.865,0.927,0.95,0.924,0.885,0.827,0.845,0.846,0.841,0.885,0.92,0.908,0.877,0.73,0.735,0.75,0.905,0.907,0.908,0.694,0.647,0.7,0.707,0.76,0.719,0.91,0.906,0.847,0.736,0.7,0.677,0.826,0.872,0.906,0.9,0.859,0.879,0.77,0.749,0.691,0.833,0.887,0.896,0.644,0.631,0.729,0.8,0.793,0.869,0.886,0.928,0.902,0.787,0.754,0.803,0.855,0.947,0.975,0.084,0.083,0.084,0.086,0.084,0.084,0.082,0.086,0.086,0.086,0.084,0.084,0.865,0.838,0.852,0.798,0.799,0.775,0.733,0.809,0.729,0.662,0.661,0.65
Raw Data (600),4 h 50 min,0.892,0.936,0.903,0.92,0.889,0.874,0.854,0.897,0.934,0.937,0.938,0.768,0.859,0.876,0.889,0.936,0.969,0.94,0.906,0.854,0.87,0.873,0.857,0.913,0.933,0.904,0.878,0.714,0.724,0.74,0.899,0.906,0.912,0.694,0.637,0.682,0.711,0.766,0.729,0.928,0.925,0.857,0.74,0.706,0.668,0.838,0.889,0.92,0.907,0.861,0.882,0.762,0.732,0.683,0.836,0.885,0.893,0.634,0.612,0.687,0.802,0.799,0.854,0.891,0.932,0.898,0.787,0.75,0.805,0.88,0.968,0.994,0.085,0.083,0.083,0.085,0.084,0.083,0.083,0.086,0.085,0.086,0.084,0.084,0.866,0.839,0.861,0.797,0.787,0.772,0.724,0.82,0.763,0.662,0.682,0.699
Raw Data (600),5 h ,0.914,0.953,0.92,0.947,0.908,0.897,0.87,0.906,0.956,0.962,0.957,0.794,0.876,0.913,0.907,0.96,0.982,0.964,0.928,0.868,0.888,0.883,0.885,0.933,0.951,0.925,0.892,0.765,0.724,0.745,0.909,0.924,0.921,0.714,0.653,0.699,0.729,0.796,0.741,0.949,0.948,0.88,0.716,0.708,0.688,0.848,0.901,0.942,0.914,0.867,0.882,0.757,0.724,0.671,0.831,0.892,0.891,0.638,0.615,0.669,0.808,0.825,0.877,0.91,0.958,0.924,0.792,0.76,0.804,0.897,0.978,1.012,0.084,0.083,0.084,0.085,0.083,0.082,0.083,0.086,0.085,0.086,0.084,0.084,0.847,0.813,0.825,0.769,0.749,0.744,0.697,0.784,0.729,0.645,0.655,0.667
Raw Data (600),5 h 10 min,0.937,0.985,0.948,0.979,0.936,0.934,0.902,0.945,0.989,0.994,0.985,0.818,0.889,0.91,0.919,0.974,1.013,0.982,0.949,0.888,0.907,0.913,0.904,0.955,0.979,0.954,0.92,0.763,0.74,0.771,0.943,0.946,0.941,0.711,0.642,0.694,0.734,0.793,0.738,0.949,0.935,0.887,0.71,0.695,0.668,0.857,0.904,0.935,0.94,0.896,0.91,0.788,0.791,0.696,0.888,0.929,0.941,0.68,0.654,0.72,0.814,0.821,0.864,0.911,0.953,0.908,0.785,0.763,0.813,0.906,0.985,1.036,0.084,0.084,0.084,0.085,0.083,0.083,0.083,0.086,0.086,0.087,0.085,0.085,0.868,0.839,0.857,0.793,0.792,0.768,0.718,0.817,0.755,0.663,0.672,0.692
Raw Data (600),5 h 20 min,0.955,1.005,0.968,1.011,0.975,0.959,0.934,0.978,1.039,1.046,1.023,0.864,0.911,0.946,0.948,0.989,1.029,1.008,0.959,0.915,0.927,0.933,0.927,0.979,0.985,0.953,0.925,0.729,0.729,0.731,0.946,0.945,0.937,0.703,0.63,0.704,0.705,0.79,0.74,0.978,0.955,0.908,0.749,0.722,0.691,0.873,0.927,0.953,0.949,0.893,0.913,0.781,0.746,0.672,0.868,0.914,0.92,0.65,0.635,0.707,0.807,0.828,0.879,0.933,0.978,0.939,0.804,0.78,0.824,0.928,1.001,1.042,0.084,0.083,0.084,0.085,0.082,0.083,0.083,0.086,0.085,0.085,0.084,0.085,0.859,0.827,0.842,0.786,0.766,0.755,0.709,0.811,0.749,0.658,0.678,0.686
Raw Data (600),5 h 30 min,0.969,1.028,0.991,1.021,0.987,0.972,0.968,0.994,1.034,1.028,1.036,0.873,0.928,0.954,0.962,1.009,1.046,1.023,0.987,0.925,0.942,0.949,0.944,0.996,0.992,0.957,0.928,0.715,0.735,0.732,0.96,0.958,0.962,0.716,0.656,0.715,0.755,0.778,0.757,0.985,0.968,0.92,0.724,0.72,0.683,0.889,0.934,0.966,0.948,0.891,0.907,0.76,0.738,0.661,0.855,0.908,0.912,0.625,0.636,0.68,0.821,0.829,0.912,0.96,1.003,0.964,0.811,0.799,0.823,0.953,1.017,1.056,0.084,0.083,0.084,0.086,0.083,0.083,0.083,0.086,0.086,0.086,0.085,0.085,0.866,0.839,0.854,0.797,0.781,0.766,0.722,0.811,0.746,0.667,0.684,0.688
Raw Data (600),5 h 40 min,0.999,1.051,1.012,1.061,1.029,1.009,0.997,1.025,1.078,1.082,1.071,0.924,0.945,0.981,0.988,1.025,1.071,1.047,0.987,0.947,0.965,0.963,0.967,1.001,1.004,0.964,0.934,0.707,0.734,0.733,0.947,0.954,0.957,0.699,0.633,0.732,0.747,0.769,0.735,0.997,0.965,0.914,0.732,0.702,0.663,0.884,0.933,0.959,0.96,0.909,0.926,0.773,0.764,0.685,0.884,0.938,0.943,0.662,0.644,0.728,0.841,0.838,0.897,0.968,1.002,0.971,0.81,0.808,0.822,0.964,1.038,1.08,0.083,0.082,0.083,0.084,0.083,0.082,0.082,0.085,0.085,0.086,0.084,0.084,0.858,0.826,0.849,0.8,0.801,0.768,0.737,0.829,0.759,0.652,0.675,0.685
Raw Data (600),5 h 50 min,1.007,1.074,1.04,1.073,1.055,1.022,1.025,1.045,1.105,1.088,1.093,0.962,0.974,0.99,0.982,1.045,1.078,1.063,1.019,0.979,0.987,0.985,0.991,1.022,1.023,0.993,0.958,0.766,0.77,0.795,0.998,0.989,0.995,0.722,0.668,0.755,0.739,0.788,0.734,0.993,0.971,0.94,0.745,0.724,0.702,0.911,0.946,0.971,0.97,0.915,0.931,0.778,0.772,0.667,0.89,0.929,0.939,0.643,0.66,0.694,0.828,0.853,0.922,0.989,1.019,0.993,0.83,0.809,0.85,0.975,1.047,1.088,0.084,0.083,0.083,0.085,0.083,0.083,0.082,0.085,0.085,0.086,0.084,0.084,0.86,0.836,0.845,0.788,0.782,0.763,0.729,0.805,0.735,0.659,0.664,0.634
Raw Data (600),6 h ,1.034,1.092,1.061,1.09,1.064,1.051,1.037,1.063,1.109,1.107,1.106,0.966,0.984,0.996,1.016,1.063,1.102,1.085,1.026,0.994,1.017,1.009,1.016,1.05,1.01,0.982,0.953,0.729,0.77,0.735,0.973,0.976,0.98,0.708,0.659,0.707,0.726,0.778,0.752,1.017,0.999,0.963,0.79,0.746,0.71,0.94,0.966,0.987,0.965,0.919,0.937,0.775,0.761,0.687,0.888,0.943,0.943,0.638,0.682,0.71,0.846,0.874,0.907,1.001,1.024,0.985,0.813,0.809,0.853,0.989,1.051,1.097,0.084,0.082,0.083,0.085,0.083,0.082,0.082,0.085,0.085,0.085,0.084,0.084,0.837,0.807,0.815,0.748,0.739,0.725,0.692,0.758,0.699,0.629,0.627,0.645
Raw Data (600),6 h 10 min,1.055,1.117,1.082,1.113,1.092,1.069,1.058,1.086,1.133,1.121,1.127,0.988,1.009,1.009,1.037,1.082,1.123,1.099,1.053,1.023,1.028,1.03,1.037,1.064,1.02,0.993,0.963,0.744,0.738,0.741,0.983,0.986,0.985,0.79,0.679,0.711,0.722,0.82,0.785,1.027,1.004,0.968,0.782,0.746,0.725,0.948,0.971,0.99,0.975,0.93,0.949,0.785,0.778,0.712,0.896,0.947,0.956,0.648,0.682,0.743,0.857,0.879,0.946,1.013,1.034,1.008,0.835,0.823,0.835,0.996,1.063,1.094,0.084,0.083,0.082,0.084,0.083,0.083,0.082,0.086,0.085,0.086,0.085,0.084,0.861,0.833,0.848,0.784,0.771,0.762,0.722,0.805,0.746,0.665,0.688,0.707
Raw Data (600),6 h 20 min,1.07,1.136,1.098,1.137,1.109,1.092,1.087,1.115,1.164,1.156,1.153,1.008,1.03,1.039,1.053,1.095,1.129,1.113,1.064,1.026,1.033,1.046,1.056,1.092,1.038,1.012,0.989,0.762,0.765,0.792,1.02,1.009,1.006,0.744,0.671,0.727,0.707,0.814,0.779,1.041,1.018,0.969,0.759,0.731,0.694,0.93,0.956,0.967,0.971,0.928,0.942,0.775,0.798,0.709,0.891,0.948,0.953,0.691,0.72,0.776,0.875,0.956,0.915,1.03,1.06,1.026,0.854,0.838,0.877,1.027,1.084,1.119,0.084,0.083,0.083,0.085,0.083,0.083,0.082,0.085,0.085,0.086,0.084,0.084,0.863,0.842,0.856,0.794,0.785,0.768,0.733,0.805,0.734,0.663,0.677,0.688
Raw Data (600),6 h 30 min,1.091,1.165,1.124,1.158,1.139,1.118,1.11,1.138,1.184,1.175,1.177,1.033,1.043,1.062,1.069,1.123,1.149,1.129,1.081,1.037,1.064,1.063,1.074,1.105,1.047,1.018,0.997,0.759,0.75,0.796,1.024,1.021,1.011,0.729,0.661,0.694,0.713,0.854,0.755,1.051,1.029,0.982,0.736,0.717,0.699,0.949,0.974,0.986,0.979,0.928,0.937,0.765,0.742,0.718,0.883,0.934,0.943,0.679,0.694,0.751,0.889,0.921,0.908,1.049,1.075,1.043,0.858,0.866,0.897,1.037,1.097,1.131,0.084,0.082,0.082,0.085,0.082,0.083,0.082,0.085,0.084,0.085,0.083,0.084,0.867,0.843,0.856,0.807,0.787,0.772,0.733,0.826,0.764,0.677,0.689,0.716
Raw Data (600),6 h 40 min,1.122,1.188,1.147,1.192,1.167,1.152,1.143,1.168,1.219,1.204,1.207,1.058,1.062,1.071,1.076,1.127,1.17,1.153,1.09,1.05,1.07,1.078,1.091,1.118,1.053,1.016,0.988,0.782,0.725,0.789,1.016,1.01,1.005,0.704,0.613,0.681,0.716,0.789,0.741,1.052,1.02,0.975,0.716,0.698,0.674,0.94,0.973,0.981,0.968,0.925,0.938,0.77,0.757,0.668,0.882,0.936,0.936,0.644,0.677,0.738,0.882,0.965,0.943,1.063,1.092,1.065,0.85,0.867,0.831,1.051,1.107,1.146,0.085,0.083,0.083,0.085,0.084,0.083,0.082,0.085,0.085,0.086,0.085,0.084,0.852,0.827,0.843,0.789,0.781,0.754,0.718,0.793,0.731,0.633,0.65,0.679
Raw Data (600),6 h 50 min,1.135,1.213,1.169,1.202,1.181,1.169,1.159,1.181,1.223,1.201,1.214,1.084,1.082,1.097,1.095,1.153,1.191,1.171,1.119,1.103,1.109,1.106,1.119,1.136,1.044,1.019,1.003,0.73,0.719,0.784,1.017,1.02,1.007,0.705,0.643,0.744,0.736,0.83,0.766,1.054,1.039,0.993,0.741,0.729,0.767,0.97,0.989,0.998,0.98,0.936,0.949,0.775,0.745,0.705,0.893,0.947,0.957,0.662,0.672,0.761,0.895,0.923,0.933,1.072,1.092,1.068,0.862,0.821,0.837,1.061,1.114,1.149,0.085,0.083,0.084,0.085,0.083,0.083,0.083,0.086,0.085,0.086,0.084,0.085,0.871,0.847,0.866,0.816,0.803,0.777,0.742,0.824,0.762,0.664,0.683,0.709
Raw Data (600),7 h ,1.144,1.236,1.189,1.227,1.198,1.185,1.185,1.205,1.252,1.233,1.234,1.094,1.096,1.105,1.149,1.151,1.202,1.182,1.123,1.128,1.118,1.13,1.14,1.161,1.049,1.022,0.999,0.731,0.763,0.728,1.015,1.017,1.01,0.724,0.658,0.751,0.788,0.838,0.746,1.057,1.038,0.978,0.719,0.725,0.692,0.952,0.968,0.98,0.969,0.927,0.939,0.74,0.769,0.675,0.875,0.934,0.942,0.65,0.626,0.747,0.901,0.909,0.916,1.093,1.113,1.093,0.859,0.861,0.844,1.08,1.132,1.16,0.084,0.081,0.083,0.084,0.082,0.082,0.082,0.084,0.085,0.085,0.084,0.084,0.871,0.844,0.855,0.803,0.781,0.756,0.728,0.802,0.746,0.654,0.674,0.698
Raw Data (600),7 h 10 min,1.168,1.262,1.211,1.237,1.213,1.207,1.2,1.219,1.262,1.239,1.253,1.109,1.12,1.132,1.152,1.17,1.211,1.199,1.137,1.145,1.139,1.139,1.163,1.168,1.051,1.02,1.005,0.746,0.811,0.74,1.021,1.023,1.013,0.761,0.666,0.779,0.803,0.855,0.77,1.064,1.043,0.984,0.803,0.75,0.707,0.966,0.978,0.979,0.982,0.95,0.963,0.785,0.766,0.714,0.913,0.972,0.989,0.681,0.665,0.792,0.907,0.885,0.908,1.101,1.114,1.096,0.84,0.845,0.844,1.084,1.137,1.166,0.083,0.082,0.083,0.085,0.082,0.082,0.082,0.085,0.084,0.085,0.083,0.083,0.869,0.839,0.851,0.794,0.779,0.754,0.723,0.797,0.748,0.652,0.666,0.701
Raw Data (600),7 h 20 min,1.194,1.284,1.23,1.261,1.233,1.228,1.223,1.248,1.291,1.266,1.286,1.136,1.137,1.15,1.15,1.186,1.233,1.213,1.162,1.164,1.153,1.157,1.175,1.189,1.052,1.028,1.011,0.794,0.826,0.789,1.02,1.023,1.008,0.805,0.684,0.777,0.805,0.851,0.798,1.071,1.052,0.992,0.823,0.748,0.729,0.964,0.978,0.983,0.973,0.94,0.948,0.748,0.735,0.704,0.88,0.943,0.957,0.69,0.625,0.764,0.935,0.915,0.981,1.106,1.122,1.1,0.837,0.883,0.938,1.095,1.143,1.171,0.084,0.083,0.083,0.084,0.084,0.083,0.083,0.086,0.084,0.085,0.084,0.084,0.857,0.831,0.837,0.784,0.761,0.755,0.724,0.797,0.743,0.667,0.68,0.704
Raw Data (600),7 h 30 min,1.21,1.308,1.248,1.285,1.259,1.244,1.24,1.269,1.308,1.29,1.299,1.154,1.144,1.165,1.163,1.199,1.252,1.231,1.209,1.187,1.198,1.181,1.2,1.216,1.046,1.032,1.01,0.782,0.831,0.858,1.032,1.017,1.006,0.829,0.67,0.776,0.804,0.841,0.794,1.069,1.044,0.982,0.82,0.709,0.72,0.96,0.969,0.969,0.979,0.94,0.961,0.788,0.757,0.783,0.885,0.955,0.966,0.699,0.637,0.779,0.958,0.956,1.006,1.118,1.123,1.087,0.847,0.934,0.992,1.103,1.152,1.179,0.084,0.082,0.083,0.085,0.082,0.083,0.082,0.085,0.084,0.086,0.084,0.084,0.847,0.82,0.83,0.78,0.762,0.746,0.726,0.795,0.738,0.668,0.684,0.691
Raw Data (600),7 h 40 min,1.233,1.326,1.274,1.314,1.291,1.264,1.265,1.294,1.323,1.308,1.333,1.186,1.171,1.181,1.174,1.218,1.26,1.242,1.217,1.201,1.203,1.188,1.213,1.214,1.063,1.04,1.021,0.881,0.862,0.88,1.032,1.028,1.017,0.861,0.724,0.792,0.814,0.877,0.833,1.077,1.061,1,0.845,0.736,0.757,0.97,0.986,0.974,0.968,0.926,0.946,0.735,0.748,0.713,0.862,0.933,0.945,0.686,0.615,0.756,1.015,0.994,1.026,1.131,1.143,1.086,0.901,0.941,1.031,1.12,1.168,1.195,0.084,0.083,0.084,0.086,0.083,0.083,0.083,0.085,0.085,0.085,0.084,0.085,0.853,0.837,0.846,0.792,0.771,0.759,0.732,0.803,0.743,0.671,0.689,0.714
Raw Data (600),7 h 50 min,1.255,1.347,1.295,1.323,1.3,1.28,1.279,1.314,1.334,1.315,1.343,1.201,1.179,1.205,1.228,1.228,1.288,1.264,1.213,1.22,1.214,1.2,1.23,1.231,1.06,1.038,1.018,0.887,0.873,0.895,1.032,1.025,1.02,0.851,0.747,0.806,0.81,0.861,0.832,1.069,1.054,0.994,0.836,0.731,0.779,0.966,0.979,0.974,0.965,0.927,0.945,0.745,0.757,0.708,0.866,0.934,0.949,0.698,0.616,0.755,1.041,1.002,1.036,1.144,1.157,1.109,0.94,0.95,1.068,1.129,1.172,1.198,0.083,0.083,0.083,0.084,0.082,0.082,0.082,0.085,0.084,0.085,0.084,0.084,0.882,0.849,0.861,0.811,0.787,0.772,0.742,0.813,0.759,0.668,0.684,0.726
Raw Data (600),8 h ,1.273,1.367,1.32,1.338,1.323,1.299,1.297,1.333,1.349,1.334,1.354,1.218,1.214,1.236,1.234,1.25,1.302,1.283,1.259,1.244,1.227,1.226,1.257,1.243,1.057,1.041,1.022,0.882,0.871,0.863,1.019,1.023,1.011,0.852,0.75,0.822,0.811,0.864,0.824,1.075,1.056,0.991,0.837,0.716,0.82,0.97,0.978,0.968,0.971,0.937,0.953,0.752,0.767,0.723,0.866,0.945,0.955,0.712,0.627,0.77,1.071,1.059,1.03,1.154,1.16,1.114,0.996,1,1.073,1.137,1.19,1.203,0.085,0.083,0.083,0.084,0.083,0.083,0.081,0.085,0.085,0.086,0.084,0.084,0.877,0.856,0.859,0.824,0.807,0.791,0.759,0.831,0.768,0.68,0.7,0.727
Raw Data (600),8 h 10 min,1.283,1.385,1.34,1.365,1.337,1.319,1.313,1.356,1.38,1.368,1.379,1.246,1.213,1.251,1.267,1.26,1.32,1.293,1.276,1.241,1.242,1.242,1.281,1.266,1.064,1.046,1.022,0.892,0.884,0.88,1.032,1.028,1.023,0.857,0.761,0.819,0.815,0.863,0.826,1.069,1.051,0.984,0.832,0.726,0.803,0.96,0.972,0.962,0.967,0.93,0.949,0.755,0.759,0.723,0.865,0.944,0.955,0.711,0.631,0.773,1.085,1.081,1.055,1.163,1.173,1.133,1.04,1.015,1.086,1.142,1.196,1.205,0.085,0.083,0.083,0.085,0.083,0.083,0.083,0.085,0.085,0.086,0.084,0.085,0.877,0.853,0.857,0.808,0.787,0.776,0.742,0.8,0.747,0.663,0.68,0.718
Raw Data (600),8 h 20 min,1.307,1.401,1.362,1.373,1.353,1.339,1.326,1.367,1.394,1.375,1.392,1.268,1.24,1.269,1.271,1.276,1.341,1.315,1.301,1.31,1.268,1.261,1.294,1.274,1.054,1.042,1.023,0.88,0.874,0.868,1.023,1.025,1.017,0.85,0.761,0.829,0.825,0.872,0.831,1.081,1.065,0.99,0.847,0.761,0.82,0.967,0.981,0.964,0.975,0.939,0.954,0.765,0.772,0.722,0.873,0.947,0.966,0.725,0.645,0.79,1.115,1.085,1.064,1.162,1.167,1.126,1.018,1.006,1.044,1.143,1.194,1.204,0.085,0.083,0.084,0.085,0.083,0.083,0.082,0.085,0.085,0.086,0.084,0.085,0.877,0.85,0.863,0.819,0.804,0.78,0.754,0.824,0.767,0.684,0.702,0.729
Raw Data (600),8 h 30 min,1.323,1.417,1.383,1.401,1.372,1.356,1.341,1.379,1.417,1.391,1.401,1.293,1.265,1.3,1.274,1.306,1.353,1.341,1.294,1.305,1.274,1.273,1.32,1.283,1.056,1.044,1.021,0.874,0.877,0.857,1.02,1.016,1.008,0.854,0.763,0.834,0.844,0.886,0.842,1.089,1.074,1.01,0.885,0.815,0.862,0.985,0.987,0.975,0.967,0.935,0.953,0.774,0.772,0.73,0.862,0.944,0.96,0.711,0.646,0.789,1.109,1.072,1.066,1.166,1.17,1.138,1.013,1.032,1.079,1.151,1.206,1.214,0.083,0.082,0.083,0.084,0.083,0.083,0.082,0.086,0.085,0.085,0.084,0.085,0.864,0.841,0.845,0.797,0.782,0.767,0.743,0.803,0.752,0.673,0.701,0.74
Raw Data (600),8 h 40 min,1.331,1.429,1.396,1.407,1.384,1.359,1.34,1.398,1.433,1.4,1.411,1.301,1.28,1.311,1.312,1.324,1.373,1.36,1.304,1.309,1.281,1.298,1.333,1.302,1.077,1.064,1.035,0.895,0.906,0.892,1.039,1.032,1.024,0.868,0.776,0.833,0.859,0.881,0.84,1.079,1.064,0.991,0.864,0.779,0.818,0.965,0.974,0.96,0.963,0.933,0.946,0.765,0.773,0.721,0.865,0.948,0.964,0.722,0.652,0.787,1.119,1.087,1.101,1.18,1.178,1.151,1.019,1.042,1.089,1.169,1.213,1.224,0.084,0.083,0.083,0.085,0.082,0.083,0.082,0.084,0.085,0.085,0.084,0.083,0.844,0.813,0.82,0.761,0.747,0.719,0.702,0.772,0.709,0.639,0.657,0.712
Raw Data (600),8 h 50 min,1.347,1.447,1.414,1.433,1.403,1.379,1.36,1.416,1.456,1.417,1.417,1.316,1.303,1.329,1.314,1.336,1.387,1.376,1.339,1.309,1.3,1.32,1.35,1.32,1.072,1.056,1.034,0.909,0.907,0.895,1.033,1.029,1.022,0.878,0.789,0.842,0.867,0.904,0.851,1.084,1.069,0.997,0.889,0.802,0.829,0.967,0.981,0.958,0.962,0.932,0.946,0.772,0.773,0.725,0.856,0.939,0.954,0.714,0.646,0.787,1.129,1.104,1.139,1.188,1.185,1.159,1.031,1.069,1.087,1.169,1.219,1.228,0.084,0.081,0.083,0.084,0.082,0.082,0.082,0.084,0.085,0.085,0.083,0.084,0.874,0.853,0.862,0.817,0.796,0.788,0.766,0.821,0.768,0.686,0.705,0.736
Raw Data (600),9 h ,1.361,1.46,1.431,1.444,1.425,1.394,1.383,1.441,1.469,1.443,1.431,1.325,1.327,1.341,1.352,1.349,1.417,1.403,1.357,1.343,1.325,1.339,1.372,1.339,1.077,1.059,1.036,0.913,0.92,0.911,1.038,1.03,1.023,0.887,0.798,0.868,0.867,0.899,0.855,1.077,1.066,0.994,0.893,0.789,0.817,0.967,0.978,0.962,0.959,0.926,0.942,0.764,0.763,0.717,0.854,0.938,0.954,0.708,0.642,0.783,1.145,1.126,1.175,1.213,1.208,1.188,1.09,1.103,1.109,1.187,1.239,1.234,0.083,0.082,0.083,0.084,0.082,0.082,0.082,0.085,0.084,0.085,0.083,0.085,0.879,0.854,0.869,0.819,0.802,0.781,0.761,0.815,0.762,0.684,0.706,0.743
Raw Data (600),9 h 10 min,1.38,1.477,1.45,1.46,1.442,1.413,1.393,1.461,1.483,1.456,1.453,1.342,1.376,1.378,1.359,1.378,1.44,1.422,1.382,1.379,1.33,1.369,1.395,1.349,1.074,1.054,1.035,0.91,0.918,0.888,1.027,1.034,1.03,0.898,0.805,0.88,0.872,0.91,0.851,1.084,1.073,0.989,0.892,0.793,0.818,0.968,0.976,0.955,0.959,0.931,0.943,0.775,0.777,0.733,0.856,0.945,0.962,0.728,0.663,0.801,1.153,1.143,1.175,1.221,1.213,1.2,1.122,1.117,1.105,1.197,1.249,1.245,0.084,0.083,0.083,0.085,0.083,0.083,0.083,0.085,0.085,0.086,0.085,0.085,0.877,0.855,0.871,0.823,0.806,0.789,0.77,0.828,0.766,0.683,0.708,0.741
Raw Data (600),9 h 20 min,1.39,1.488,1.46,1.486,1.46,1.442,1.416,1.49,1.507,1.489,1.481,1.367,1.354,1.373,1.386,1.389,1.451,1.437,1.399,1.399,1.355,1.379,1.408,1.379,1.079,1.06,1.032,0.927,0.937,0.917,1.037,1.032,1.03,0.917,0.824,0.88,0.883,0.916,0.859,1.08,1.065,0.993,0.895,0.788,0.818,0.962,0.975,0.95,0.955,0.922,0.938,0.776,0.768,0.721,0.854,0.936,0.956,0.713,0.658,0.794,1.16,1.158,1.183,1.231,1.227,1.214,1.155,1.122,1.118,1.205,1.251,1.251,0.084,0.082,0.083,0.084,0.083,0.083,0.083,0.085,0.084,0.085,0.085,0.085,0.872,0.849,0.859,0.807,0.784,0.772,0.746,0.799,0.749,0.668,0.689,0.727
Raw Data (600),9 h 30 min,1.408,1.507,1.474,1.495,1.472,1.454,1.432,1.501,1.516,1.492,1.492,1.374,1.386,1.387,1.413,1.401,1.468,1.454,1.422,1.397,1.373,1.405,1.422,1.386,1.069,1.058,1.038,0.924,0.931,0.905,1.028,1.032,1.027,0.913,0.831,0.892,0.886,0.927,0.864,1.085,1.076,0.995,0.901,0.801,0.836,0.969,0.983,0.953,0.96,0.93,0.949,0.794,0.789,0.743,0.862,0.948,0.966,0.741,0.685,0.822,1.161,1.162,1.167,1.235,1.222,1.21,1.141,1.118,1.116,1.204,1.255,1.251,0.084,0.083,0.084,0.086,0.083,0.083,0.083,0.085,0.086,0.086,0.085,0.085,0.887,0.853,0.861,0.82,0.8,0.786,0.766,0.828,0.764,0.686,0.709,0.742
Raw Data (600),9 h 40 min,1.42,1.519,1.496,1.512,1.484,1.468,1.446,1.515,1.526,1.505,1.506,1.398,1.403,1.407,1.421,1.425,1.477,1.47,1.399,1.411,1.4,1.421,1.442,1.398,1.074,1.055,1.037,0.927,0.929,0.905,1.029,1.028,1.027,0.917,0.833,0.893,0.903,0.945,0.884,1.095,1.087,1.018,0.946,0.854,0.89,0.987,0.996,0.967,0.957,0.932,0.945,0.808,0.79,0.745,0.858,0.945,0.963,0.731,0.684,0.817,1.167,1.154,1.163,1.224,1.221,1.21,1.125,1.118,1.127,1.209,1.265,1.255,0.083,0.082,0.083,0.084,0.083,0.083,0.082,0.085,0.084,0.086,0.084,0.084,0.866,0.844,0.849,0.802,0.78,0.763,0.751,0.807,0.754,0.675,0.705,0.742
Raw Data (600),9 h 50 min,1.429,1.521,1.503,1.515,1.491,1.471,1.454,1.529,1.537,1.511,1.509,1.404,1.402,1.418,1.453,1.442,1.493,1.484,1.434,1.448,1.387,1.439,1.46,1.419,1.093,1.069,1.052,0.949,0.958,0.94,1.046,1.042,1.041,0.928,0.847,0.896,0.901,0.939,0.881,1.084,1.075,0.995,0.909,0.815,0.847,0.971,0.983,0.95,0.953,0.929,0.941,0.795,0.791,0.751,0.856,0.952,0.964,0.75,0.695,0.822,1.176,1.168,1.175,1.239,1.234,1.231,1.141,1.122,1.134,1.219,1.276,1.261,0.083,0.083,0.083,0.085,0.082,0.082,0.082,0.085,0.085,0.086,0.084,0.084,0.847,0.814,0.822,0.773,0.756,0.729,0.715,0.766,0.71,0.643,0.661,0.721
Raw Data (600),10 h ,1.445,1.539,1.511,1.533,1.505,1.485,1.463,1.536,1.549,1.524,1.521,1.412,1.407,1.442,1.441,1.449,1.498,1.496,1.452,1.43,1.396,1.461,1.473,1.426,1.084,1.065,1.047,0.955,0.958,0.946,1.042,1.034,1.038,0.93,0.849,0.894,0.914,0.961,0.895,1.093,1.08,1.004,0.938,0.845,0.878,0.983,0.989,0.954,0.956,0.928,0.948,0.806,0.795,0.756,0.848,0.946,0.962,0.741,0.694,0.819,1.193,1.173,1.18,1.236,1.234,1.228,1.13,1.116,1.132,1.223,1.279,1.265,0.083,0.083,0.083,0.084,0.082,0.083,0.083,0.085,0.086,0.086,0.084,0.084,0.88,0.858,0.863,0.826,0.803,0.796,0.775,0.827,0.762,0.686,0.712,0.747
Raw Data (600),10 h 10 min,1.465,1.548,1.523,1.544,1.527,1.505,1.479,1.556,1.561,1.535,1.532,1.414,1.431,1.448,1.476,1.466,1.527,1.524,1.463,1.458,1.427,1.482,1.493,1.443,1.102,1.066,1.049,0.951,0.961,0.946,1.039,1.033,1.034,0.932,0.858,0.9,0.921,0.945,0.892,1.097,1.072,1.003,0.927,0.818,0.853,0.977,0.99,0.961,0.958,0.925,0.943,0.805,0.792,0.739,0.841,0.939,0.946,0.728,0.68,0.807,1.21,1.184,1.192,1.261,1.259,1.25,1.149,1.14,1.146,1.244,1.299,1.273,0.084,0.082,0.083,0.084,0.082,0.082,0.082,0.085,0.084,0.085,0.084,0.084,0.864,0.841,0.855,0.811,0.795,0.771,0.761,0.816,0.747,0.67,0.693,0.723
Raw Data (600),10 h 20 min,1.469,1.554,1.534,1.548,1.534,1.508,1.497,1.56,1.563,1.535,1.542,1.446,1.44,1.45,1.493,1.482,1.528,1.526,1.482,1.471,1.435,1.488,1.499,1.454,1.09,1.064,1.055,0.961,0.968,0.94,1.04,1.04,1.043,0.946,0.869,0.927,0.922,0.962,0.892,1.093,1.082,1.003,0.934,0.836,0.869,0.984,0.99,0.958,0.953,0.932,0.949,0.809,0.802,0.766,0.855,0.951,0.964,0.758,0.705,0.832,1.206,1.194,1.194,1.272,1.264,1.259,1.15,1.145,1.152,1.249,1.299,1.271,0.084,0.083,0.084,0.085,0.083,0.083,0.082,0.085,0.085,0.086,0.085,0.085,0.875,0.855,0.87,0.834,0.808,0.795,0.774,0.825,0.769,0.69,0.706,0.753
Raw Data (600),10 h 30 min,1.472,1.554,1.538,1.563,1.542,1.525,1.509,1.573,1.577,1.553,1.557,1.449,1.454,1.463,1.493,1.485,1.538,1.532,1.511,1.451,1.429,1.497,1.504,1.476,1.096,1.065,1.053,0.967,0.978,0.955,1.041,1.041,1.044,0.956,0.884,0.914,0.93,0.963,0.9,1.087,1.076,1.006,0.934,0.833,0.867,0.978,0.986,0.95,0.945,0.933,0.948,0.812,0.799,0.76,0.848,0.947,0.964,0.748,0.704,0.828,1.211,1.2,1.214,1.276,1.276,1.27,1.16,1.153,1.158,1.26,1.306,1.267,0.084,0.083,0.084,0.084,0.083,0.082,0.083,0.085,0.085,0.086,0.084,0.084,0.875,0.855,0.865,0.822,0.795,0.779,0.751,0.805,0.748,0.678,0.702,0.736
Raw Data (600),10 h 40 min,1.489,1.569,1.547,1.56,1.548,1.532,1.515,1.577,1.579,1.548,1.562,1.464,1.463,1.497,1.505,1.503,1.539,1.536,1.492,1.503,1.441,1.506,1.519,1.473,1.093,1.062,1.056,0.97,0.973,0.952,1.043,1.039,1.048,0.953,0.886,0.926,0.933,0.97,0.902,1.096,1.083,1.013,0.954,0.859,0.885,0.993,0.996,0.965,0.948,0.938,0.957,0.838,0.826,0.787,0.863,0.959,0.973,0.789,0.726,0.844,1.21,1.204,1.21,1.284,1.28,1.274,1.162,1.157,1.162,1.269,1.312,1.284,0.084,0.083,0.083,0.086,0.083,0.083,0.083,0.085,0.085,0.086,0.085,0.085,0.875,0.853,0.862,0.82,0.8,0.786,0.766,0.814,0.762,0.681,0.707,0.749
Raw Data (600),10 h 50 min,1.496,1.572,1.552,1.571,1.556,1.529,1.522,1.582,1.588,1.557,1.564,1.479,1.475,1.483,1.513,1.502,1.547,1.544,1.507,1.492,1.474,1.514,1.527,1.483,1.1,1.067,1.06,0.975,0.978,0.951,1.041,1.041,1.05,0.956,0.892,0.919,0.943,0.983,0.919,1.096,1.087,1.014,0.956,0.871,0.897,0.995,1,0.972,0.947,0.934,0.949,0.82,0.806,0.767,0.844,0.949,0.958,0.751,0.707,0.831,1.212,1.207,1.212,1.293,1.285,1.275,1.169,1.159,1.161,1.277,1.322,1.293,0.083,0.082,0.083,0.084,0.083,0.082,0.083,0.085,0.084,0.085,0.084,0.084,0.866,0.847,0.854,0.811,0.779,0.776,0.762,0.801,0.742,0.688,0.706,0.737
Raw Data (600),11 h ,1.503,1.579,1.562,1.576,1.567,1.544,1.53,1.592,1.585,1.56,1.573,1.48,1.486,1.515,1.504,1.51,1.553,1.547,1.514,1.512,1.485,1.519,1.538,1.498,1.093,1.077,1.07,0.981,0.984,0.963,1.06,1.058,1.053,0.958,0.877,0.927,0.934,0.976,0.909,1.101,1.083,1.014,0.947,0.853,0.885,0.992,0.994,0.957,0.95,0.937,0.954,0.857,0.827,0.795,0.861,0.958,0.969,0.779,0.738,0.851,1.216,1.211,1.217,1.3,1.294,1.285,1.167,1.16,1.163,1.289,1.326,1.296,0.084,0.083,0.084,0.085,0.083,0.083,0.082,0.085,0.085,0.085,0.084,0.085,0.869,0.851,0.855,0.812,0.79,0.783,0.767,0.808,0.745,0.683,0.706,0.726
Raw Data (600),11 h 10 min,1.515,1.587,1.572,1.6,1.578,1.557,1.55,1.607,1.602,1.585,1.589,1.504,1.491,1.529,1.531,1.521,1.552,1.558,1.528,1.524,1.5,1.524,1.546,1.497,1.104,1.078,1.07,0.989,0.988,0.964,1.052,1.048,1.051,0.96,0.895,0.915,0.95,1.001,0.93,1.111,1.1,1.026,0.977,0.892,0.918,1.004,1.012,0.966,0.95,0.941,0.952,0.841,0.828,0.787,0.859,0.963,0.969,0.781,0.735,0.848,1.209,1.209,1.214,1.304,1.295,1.287,1.172,1.153,1.172,1.29,1.323,1.302,0.083,0.083,0.083,0.085,0.083,0.083,0.083,0.085,0.084,0.085,0.084,0.083,0.878,0.863,0.875,0.835,0.809,0.8,0.786,0.834,0.777,0.699,0.726,0.77
Raw Data (600),11 h 20 min,1.519,1.592,1.576,1.591,1.582,1.554,1.553,1.607,1.596,1.577,1.583,1.503,1.498,1.518,1.531,1.525,1.563,1.558,1.533,1.516,1.512,1.535,1.552,1.49,1.104,1.079,1.074,0.992,0.994,0.97,1.056,1.059,1.063,0.975,0.908,0.935,0.945,0.992,0.928,1.106,1.101,1.029,0.97,0.887,0.911,1.011,1.015,0.973,0.956,0.943,0.953,0.838,0.82,0.781,0.851,0.956,0.969,0.766,0.727,0.836,1.215,1.213,1.22,1.311,1.307,1.299,1.176,1.163,1.173,1.304,1.337,1.327,0.084,0.083,0.083,0.085,0.082,0.083,0.082,0.085,0.085,0.086,0.084,0.083,0.855,0.832,0.842,0.803,0.777,0.768,0.748,0.8,0.739,0.673,0.697,0.72
Raw Data (600),11 h 30 min,1.526,1.595,1.579,1.6,1.596,1.574,1.564,1.624,1.607,1.596,1.597,1.522,1.509,1.531,1.522,1.529,1.574,1.563,1.546,1.518,1.513,1.54,1.551,1.509,1.11,1.083,1.077,0.993,0.995,0.965,1.053,1.058,1.063,0.973,0.913,0.938,0.945,0.992,0.923,1.109,1.098,1.029,0.96,0.876,0.903,1.003,1.01,0.973,0.956,0.95,0.962,0.84,0.828,0.796,0.865,0.973,0.982,0.798,0.747,0.855,1.21,1.216,1.222,1.33,1.315,1.311,1.186,1.171,1.18,1.308,1.34,1.328,0.084,0.083,0.083,0.084,0.082,0.083,0.083,0.084,0.085,0.086,0.084,0.084,0.876,0.856,0.871,0.834,0.819,0.802,0.784,0.828,0.768,0.698,0.717,0.751
Raw Data (600),11 h 40 min,1.533,1.594,1.583,1.61,1.605,1.58,1.573,1.627,1.615,1.603,1.613,1.535,1.508,1.526,1.524,1.528,1.576,1.565,1.542,1.514,1.515,1.54,1.554,1.511,1.114,1.085,1.079,1.004,1.004,0.984,1.062,1.058,1.067,0.984,0.924,0.934,0.952,0.996,0.928,1.107,1.098,1.033,0.959,0.882,0.9,1.006,1.011,0.971,0.951,0.948,0.957,0.832,0.822,0.788,0.858,0.971,0.971,0.784,0.736,0.845,1.222,1.222,1.234,1.337,1.328,1.325,1.195,1.174,1.183,1.318,1.345,1.342,0.084,0.082,0.083,0.085,0.083,0.082,0.082,0.085,0.085,0.086,0.084,0.084,0.879,0.854,0.869,0.825,0.805,0.786,0.769,0.807,0.752,0.675,0.696,0.705
Raw Data (600),11 h 50 min,1.546,1.605,1.589,1.603,1.605,1.581,1.566,1.619,1.609,1.599,1.599,1.546,1.51,1.536,1.543,1.541,1.58,1.571,1.562,1.529,1.534,1.543,1.571,1.513,1.108,1.087,1.082,0.996,1,0.971,1.06,1.063,1.073,0.977,0.92,0.937,0.95,0.998,0.928,1.115,1.106,1.038,0.966,0.891,0.915,1.013,1.013,0.977,0.955,0.953,0.962,0.837,0.828,0.792,0.862,0.976,0.977,0.791,0.742,0.843,1.209,1.214,1.23,1.335,1.326,1.323,1.191,1.173,1.176,1.319,1.339,1.335,0.084,0.083,0.083,0.085,0.083,0.083,0.083,0.085,0.085,0.085,0.084,0.085,0.87,0.853,0.861,0.815,0.793,0.783,0.765,0.805,0.742,0.683,0.701,0.73
Raw Data (600),12 h ,1.548,1.6,1.593,1.616,1.615,1.591,1.573,1.627,1.615,1.6,1.612,1.561,1.508,1.538,1.547,1.547,1.578,1.573,1.558,1.542,1.533,1.538,1.568,1.517,1.111,1.09,1.085,0.996,0.991,0.969,1.059,1.058,1.064,0.974,0.916,0.93,0.954,1.011,0.938,1.122,1.122,1.052,0.992,0.924,0.943,1.026,1.028,0.987,0.966,0.959,0.968,0.864,0.846,0.819,0.867,0.976,0.981,0.799,0.757,0.861,1.201,1.207,1.221,1.329,1.312,1.321,1.185,1.17,1.176,1.318,1.345,1.337,0.084,0.082,0.084,0.084,0.083,0.083,0.083,0.085,0.085,0.086,0.084,0.084,0.867,0.847,0.847,0.808,0.788,0.778,0.758,0.81,0.747,0.689,0.717,0.756
Raw Data (600),12 h 10 min,1.55,1.609,1.592,1.607,1.62,1.587,1.572,1.638,1.619,1.608,1.616,1.553,1.515,1.539,1.54,1.539,1.587,1.575,1.561,1.537,1.532,1.549,1.571,1.531,1.114,1.098,1.091,0.994,0.988,0.979,1.075,1.068,1.066,0.963,0.896,0.922,0.955,1.003,0.928,1.122,1.11,1.04,0.964,0.899,0.913,1.019,1.025,0.985,0.959,0.955,0.971,0.872,0.85,0.815,0.871,0.979,0.978,0.804,0.762,0.857,1.209,1.219,1.237,1.349,1.334,1.329,1.198,1.18,1.19,1.335,1.347,1.351,0.084,0.082,0.083,0.084,0.083,0.083,0.082,0.085,0.084,0.085,0.084,0.084,0.847,0.828,0.836,0.798,0.772,0.763,0.747,0.798,0.745,0.691,0.709,0.725
Raw Data (600),12 h 20 min,1.551,1.617,1.596,1.628,1.626,1.596,1.591,1.642,1.632,1.619,1.62,1.563,1.519,1.548,1.553,1.553,1.58,1.577,1.568,1.545,1.539,1.555,1.577,1.522,1.126,1.098,1.094,1.003,1.001,0.976,1.069,1.07,1.076,0.978,0.92,0.933,0.957,1.018,0.945,1.126,1.115,1.05,0.984,0.923,0.938,1.023,1.032,0.988,0.961,0.957,0.967,0.841,0.831,0.8,0.865,0.978,0.972,0.793,0.744,0.842,1.208,1.219,1.241,1.347,1.337,1.335,1.207,1.187,1.192,1.342,1.354,1.355,0.083,0.083,0.083,0.084,0.083,0.083,0.081,0.085,0.085,0.085,0.083,0.084,0.852,0.841,0.841,0.809,0.78,0.774,0.757,0.805,0.742,0.686,0.705,0.735
Raw Data (600),12 h 30 min,1.56,1.621,1.59,1.601,1.621,1.591,1.585,1.641,1.617,1.616,1.619,1.562,1.526,1.551,1.55,1.55,1.594,1.584,1.574,1.539,1.546,1.562,1.589,1.522,1.12,1.102,1.099,1.003,1.001,0.978,1.071,1.076,1.081,0.978,0.926,0.936,0.947,1.005,0.933,1.126,1.124,1.054,0.973,0.918,0.926,1.03,1.032,0.991,0.965,0.966,0.974,0.845,0.837,0.806,0.873,0.988,0.978,0.8,0.755,0.846,1.21,1.223,1.24,1.349,1.343,1.335,1.205,1.183,1.187,1.335,1.354,1.352,0.083,0.082,0.083,0.084,0.082,0.082,0.081,0.085,0.084,0.085,0.084,0.084,0.88,0.853,0.861,0.827,0.784,0.784,0.767,0.812,0.746,0.69,0.721,0.746
Raw Data (600),12 h 40 min,1.563,1.623,1.599,1.607,1.632,1.598,1.585,1.642,1.614,1.61,1.62,1.568,1.536,1.552,1.551,1.548,1.595,1.585,1.576,1.542,1.543,1.561,1.594,1.532,1.122,1.1,1.1,1.003,1.004,0.98,1.077,1.076,1.082,0.977,0.922,0.937,0.944,1.006,0.934,1.132,1.123,1.058,0.98,0.931,0.937,1.044,1.046,1.001,0.971,0.974,0.983,0.86,0.848,0.812,0.883,0.994,0.983,0.813,0.766,0.854,1.213,1.234,1.249,1.363,1.358,1.345,1.217,1.193,1.197,1.347,1.36,1.361,0.084,0.083,0.083,0.085,0.083,0.083,0.083,0.086,0.085,0.085,0.084,0.084,0.869,0.849,0.86,0.823,0.79,0.787,0.769,0.809,0.754,0.695,0.725,0.763
Raw Data (600),12 h 50 min,1.566,1.629,1.603,1.619,1.646,1.606,1.605,1.66,1.624,1.624,1.631,1.588,1.535,1.555,1.561,1.56,1.601,1.593,1.589,1.553,1.554,1.565,1.588,1.532,1.126,1.105,1.103,1.003,1.003,0.972,1.074,1.079,1.083,0.98,0.929,0.926,0.952,1.011,0.938,1.138,1.128,1.059,0.967,0.916,0.924,1.034,1.038,0.995,0.969,0.97,0.976,0.846,0.838,0.81,0.881,0.992,0.98,0.808,0.759,0.846,1.212,1.234,1.248,1.366,1.357,1.353,1.22,1.198,1.198,1.348,1.366,1.364,0.084,0.082,0.083,0.085,0.083,0.083,0.082,0.086,0.085,0.087,0.085,0.084,0.868,0.851,0.861,0.82,0.791,0.785,0.759,0.797,0.749,0.682,0.712,0.728
Raw Data (600),13 h ,1.567,1.623,1.597,1.613,1.635,1.598,1.591,1.647,1.613,1.617,1.616,1.577,1.539,1.557,1.568,1.556,1.605,1.592,1.586,1.55,1.552,1.561,1.593,1.529,1.129,1.109,1.109,1.004,1.002,0.973,1.081,1.081,1.091,0.982,0.929,0.926,0.948,1.011,0.937,1.143,1.13,1.065,0.965,0.917,0.924,1.046,1.038,0.998,0.967,0.972,0.976,0.843,0.838,0.811,0.879,0.995,0.994,0.807,0.757,0.841,1.203,1.232,1.245,1.366,1.359,1.351,1.211,1.19,1.197,1.342,1.356,1.354,0.084,0.083,0.083,0.084,0.082,0.083,0.083,0.086,0.085,0.085,0.085,0.085,0.87,0.853,0.861,0.814,0.792,0.774,0.751,0.791,0.734,0.675,0.699,0.727
Raw Data (600),13 h 10 min,1.567,1.625,1.604,1.628,1.643,1.617,1.601,1.655,1.633,1.625,1.629,1.595,1.544,1.563,1.571,1.57,1.607,1.597,1.593,1.566,1.561,1.563,1.593,1.539,1.128,1.111,1.111,0.997,0.995,0.969,1.079,1.079,1.087,0.97,0.923,0.916,0.945,1.017,0.942,1.153,1.144,1.076,0.982,0.942,0.947,1.051,1.05,1.002,0.98,0.982,0.988,0.868,0.862,0.83,0.895,0.997,0.992,0.822,0.776,0.848,1.2,1.224,1.239,1.357,1.355,1.351,1.21,1.192,1.191,1.343,1.359,1.356,0.084,0.082,0.084,0.085,0.083,0.083,0.083,0.086,0.085,0.085,0.085,0.083,0.864,0.846,0.854,0.814,0.78,0.781,0.761,0.805,0.758,0.696,0.724,0.749
Raw Data (600),13 h 20 min,1.572,1.629,1.599,1.624,1.652,1.61,1.6,1.664,1.633,1.63,1.639,1.581,1.553,1.565,1.566,1.563,1.61,1.604,1.601,1.559,1.558,1.578,1.599,1.547,1.139,1.116,1.117,0.981,0.975,0.961,1.089,1.086,1.081,0.952,0.899,0.901,0.947,1.006,0.927,1.167,1.139,1.076,0.956,0.902,0.912,1.046,1.044,1.001,0.976,0.979,0.987,0.874,0.855,0.826,0.895,0.996,0.99,0.815,0.772,0.838,1.208,1.233,1.248,1.372,1.364,1.356,1.223,1.198,1.198,1.358,1.367,1.371,0.083,0.082,0.083,0.085,0.082,0.083,0.082,0.085,0.085,0.084,0.084,0.084,0.838,0.812,0.817,0.779,0.762,0.751,0.73,0.79,0.725,0.674,0.694,0.716
Raw Data (600),13 h 30 min,1.565,1.623,1.605,1.642,1.651,1.622,1.606,1.665,1.637,1.635,1.639,1.587,1.549,1.572,1.576,1.567,1.6,1.59,1.591,1.566,1.562,1.571,1.599,1.539,1.137,1.12,1.118,1.003,1,0.968,1.087,1.088,1.093,0.969,0.924,0.918,0.939,1.022,0.941,1.154,1.141,1.077,0.975,0.942,0.943,1.052,1.05,1.002,0.981,0.983,0.991,0.853,0.851,0.821,0.894,1.001,0.996,0.819,0.773,0.841,1.196,1.232,1.245,1.366,1.358,1.356,1.224,1.199,1.192,1.354,1.364,1.359,0.084,0.083,0.083,0.085,0.082,0.083,0.082,0.085,0.085,0.086,0.084,0.084,0.854,0.842,0.848,0.808,0.781,0.777,0.761,0.803,0.75,0.693,0.723,0.749
Raw Data (600),13 h 40 min,1.571,1.63,1.599,1.616,1.647,1.606,1.598,1.662,1.62,1.627,1.636,1.58,1.55,1.57,1.574,1.567,1.609,1.6,1.596,1.569,1.566,1.577,1.603,1.538,1.135,1.119,1.12,0.999,0.993,0.966,1.089,1.087,1.094,0.973,0.926,0.923,0.933,1.01,0.934,1.155,1.144,1.081,0.961,0.932,0.929,1.049,1.047,1.003,0.979,0.988,0.992,0.847,0.845,0.822,0.903,1.006,0.998,0.819,0.77,0.839,1.198,1.239,1.25,1.374,1.367,1.364,1.224,1.2,1.2,1.355,1.371,1.369,0.085,0.083,0.084,0.084,0.083,0.083,0.083,0.086,0.085,0.086,0.084,0.084,0.872,0.853,0.865,0.832,0.803,0.799,0.769,0.811,0.752,0.703,0.73,0.759
Raw Data (600),13 h 50 min,1.569,1.63,1.599,1.619,1.65,1.607,1.598,1.658,1.62,1.629,1.64,1.582,1.551,1.568,1.576,1.569,1.605,1.598,1.599,1.563,1.564,1.579,1.612,1.545,1.139,1.122,1.124,0.996,0.993,0.969,1.09,1.092,1.099,0.966,0.918,0.916,0.923,1.009,0.929,1.157,1.148,1.085,0.967,0.945,0.94,1.072,1.063,1.009,0.986,0.996,1.002,0.859,0.857,0.83,0.917,1.011,1.005,0.835,0.788,0.851,1.194,1.242,1.25,1.377,1.37,1.364,1.229,1.204,1.197,1.355,1.372,1.372,0.085,0.083,0.083,0.085,0.083,0.083,0.083,0.086,0.085,0.086,0.084,0.085,0.877,0.865,0.876,0.837,0.805,0.804,0.785,0.828,0.767,0.714,0.744,0.777
Raw Data (600),14 h ,1.571,1.631,1.602,1.63,1.655,1.618,1.613,1.667,1.632,1.633,1.641,1.6,1.551,1.576,1.579,1.574,1.619,1.601,1.607,1.575,1.574,1.577,1.605,1.545,1.141,1.12,1.127,0.992,0.989,0.955,1.087,1.09,1.096,0.967,0.92,0.908,0.927,1.007,0.928,1.157,1.147,1.081,0.954,0.922,0.922,1.053,1.051,1.005,0.978,0.993,0.998,0.848,0.847,0.828,0.915,1.016,1.01,0.825,0.78,0.838,1.191,1.24,1.249,1.381,1.372,1.373,1.227,1.205,1.199,1.357,1.371,1.369,0.084,0.083,0.083,0.085,0.083,0.083,0.083,0.085,0.084,0.086,0.084,0.084,0.872,0.853,0.863,0.824,0.794,0.779,0.764,0.792,0.745,0.683,0.705,0.721
Raw Data (600),14 h 10 min,1.57,1.629,1.596,1.619,1.647,1.606,1.602,1.658,1.618,1.626,1.625,1.591,1.555,1.575,1.582,1.571,1.618,1.6,1.599,1.571,1.573,1.577,1.608,1.541,1.137,1.12,1.127,0.988,0.984,0.954,1.091,1.095,1.101,0.969,0.921,0.911,0.922,1.009,0.927,1.16,1.148,1.083,0.956,0.932,0.924,1.06,1.054,1.008,0.983,0.992,1.002,0.847,0.848,0.825,0.917,1.016,1.006,0.82,0.776,0.834,1.181,1.233,1.242,1.378,1.369,1.367,1.221,1.2,1.196,1.357,1.365,1.368,0.084,0.081,0.083,0.084,0.083,0.082,0.082,0.084,0.085,0.085,0.084,0.084,0.869,0.851,0.858,0.818,0.792,0.789,0.765,0.794,0.739,0.684,0.713,0.73
Raw Data (600),14 h 20 min,1.573,1.628,1.598,1.635,1.654,1.621,1.6,1.656,1.629,1.629,1.634,1.602,1.553,1.58,1.588,1.58,1.614,1.601,1.604,1.577,1.585,1.573,1.602,1.544,1.141,1.12,1.127,0.984,0.978,0.948,1.087,1.091,1.094,0.954,0.913,0.898,0.921,1.011,0.935,1.165,1.165,1.09,0.967,0.953,0.941,1.068,1.064,1.01,0.991,0.994,1.003,0.866,0.858,0.837,0.921,1.01,1.009,0.826,0.784,0.836,1.178,1.229,1.231,1.367,1.36,1.36,1.213,1.193,1.189,1.351,1.365,1.365,0.084,0.082,0.083,0.084,0.082,0.083,0.083,0.086,0.085,0.086,0.084,0.086,0.859,0.848,0.854,0.817,0.786,0.79,0.766,0.807,0.753,0.7,0.734,0.758
Raw Data (600),14 h 30 min,1.573,1.623,1.604,1.625,1.659,1.614,1.599,1.665,1.625,1.646,1.639,1.585,1.563,1.58,1.584,1.572,1.616,1.609,1.608,1.579,1.579,1.585,1.61,1.557,1.155,1.129,1.134,0.965,0.964,0.945,1.103,1.1,1.1,0.941,0.888,0.883,0.923,1,0.915,1.179,1.155,1.085,0.941,0.909,0.906,1.063,1.058,1.011,0.988,0.992,1,0.871,0.86,0.835,0.924,1.013,1.002,0.816,0.778,0.823,1.186,1.231,1.24,1.378,1.371,1.369,1.226,1.199,1.197,1.361,1.373,1.378,0.084,0.083,0.082,0.085,0.083,0.083,0.082,0.085,0.085,0.086,0.085,0.084,0.837,0.816,0.821,0.786,0.774,0.761,0.737,0.792,0.723,0.676,0.701,0.718
Raw Data (600),14 h 40 min,1.567,1.62,1.604,1.64,1.662,1.624,1.607,1.671,1.631,1.641,1.64,1.591,1.569,1.587,1.601,1.587,1.615,1.601,1.607,1.587,1.587,1.585,1.613,1.556,1.155,1.13,1.135,0.989,0.983,0.948,1.101,1.102,1.108,0.957,0.914,0.897,0.916,1.013,0.925,1.169,1.153,1.084,0.952,0.94,0.927,1.067,1.066,1.004,0.991,0.99,1.002,0.851,0.847,0.823,0.92,1.016,1.004,0.823,0.775,0.822,1.175,1.231,1.237,1.379,1.372,1.371,1.222,1.196,1.192,1.358,1.363,1.369,0.084,0.083,0.083,0.085,0.083,0.083,0.083,0.085,0.085,0.086,0.085,0.084,0.847,0.841,0.843,0.817,0.783,0.782,0.764,0.805,0.744,0.7,0.72,0.729
Raw Data (600),14 h 50 min,1.576,1.632,1.61,1.626,1.653,1.619,1.605,1.666,1.625,1.633,1.645,1.587,1.568,1.587,1.587,1.582,1.625,1.608,1.607,1.587,1.587,1.574,1.605,1.549,1.151,1.125,1.133,0.976,0.971,0.947,1.097,1.096,1.098,0.945,0.908,0.883,0.912,1.006,0.928,1.168,1.153,1.094,0.948,0.935,0.926,1.067,1.069,1.014,0.99,0.995,1.005,0.856,0.853,0.834,0.939,1.027,1.019,0.834,0.789,0.834,1.177,1.233,1.246,1.391,1.379,1.376,1.226,1.202,1.194,1.364,1.375,1.377,0.083,0.083,0.083,0.086,0.083,0.082,0.082,0.085,0.085,0.085,0.084,0.083,0.865,0.854,0.872,0.836,0.806,0.796,0.775,0.805,0.76,0.691,0.727,0.742
Raw Data (600),15 h ,1.569,1.619,1.593,1.621,1.65,1.607,1.591,1.654,1.611,1.621,1.627,1.597,1.568,1.589,1.584,1.579,1.619,1.6,1.607,1.587,1.588,1.571,1.611,1.556,1.147,1.126,1.135,0.976,0.971,0.94,1.102,1.101,1.106,0.95,0.897,0.894,0.914,1.008,0.921,1.179,1.165,1.1,0.956,0.947,0.935,1.082,1.084,1.018,0.991,0.997,1.006,0.86,0.853,0.838,0.933,1.019,1.007,0.827,0.787,0.828,1.176,1.23,1.24,1.382,1.37,1.377,1.226,1.197,1.191,1.359,1.366,1.376,0.084,0.081,0.082,0.083,0.083,0.083,0.081,0.084,0.085,0.086,0.084,0.084,0.844,0.835,0.848,0.819,0.779,0.774,0.758,0.801,0.743,0.696,0.721,0.731
Raw Data (600),15 h 10 min,1.58,1.634,1.607,1.632,1.657,1.621,1.612,1.677,1.632,1.641,1.647,1.601,1.567,1.593,1.594,1.575,1.624,1.608,1.612,1.584,1.593,1.58,1.61,1.551,1.153,1.13,1.137,0.974,0.969,0.94,1.097,1.102,1.103,0.95,0.91,0.885,0.906,0.997,0.912,1.179,1.159,1.093,0.94,0.921,0.913,1.069,1.07,1.014,0.995,0.995,1.009,0.857,0.857,0.832,0.944,1.035,1.026,0.83,0.791,0.835,1.178,1.227,1.234,1.39,1.38,1.379,1.221,1.201,1.195,1.357,1.373,1.372,0.084,0.083,0.083,0.085,0.083,0.083,0.082,0.084,0.085,0.086,0.084,0.084,0.866,0.855,0.859,0.827,0.796,0.786,0.764,0.798,0.742,0.694,0.715,0.736
Raw Data (600),15 h 20 min,1.571,1.618,1.594,1.618,1.644,1.601,1.592,1.661,1.613,1.631,1.632,1.592,1.566,1.593,1.596,1.581,1.618,1.611,1.615,1.591,1.592,1.581,1.615,1.555,1.146,1.127,1.135,0.965,0.966,0.932,1.103,1.109,1.112,0.951,0.903,0.895,0.899,0.993,0.911,1.177,1.164,1.096,0.935,0.922,0.907,1.071,1.075,1.012,0.997,1,1.012,0.852,0.847,0.826,0.943,1.034,1.028,0.815,0.779,0.826,1.177,1.224,1.236,1.391,1.379,1.379,1.214,1.197,1.188,1.354,1.364,1.364,0.083,0.082,0.084,0.084,0.083,0.083,0.083,0.085,0.085,0.085,0.084,0.084,0.869,0.854,0.874,0.838,0.813,0.804,0.78,0.8,0.752,0.716,0.734,0.747
Raw Data (600),15 h 30 min,1.575,1.625,1.603,1.633,1.656,1.621,1.599,1.667,1.626,1.631,1.636,1.602,1.573,1.595,1.595,1.587,1.621,1.606,1.617,1.593,1.604,1.58,1.607,1.554,1.152,1.13,1.14,0.964,0.96,0.928,1.097,1.1,1.107,0.938,0.899,0.873,0.899,1,0.914,1.183,1.169,1.104,0.946,0.939,0.916,1.081,1.084,1.012,0.994,1,1.006,0.861,0.859,0.834,0.941,1.023,1.012,0.817,0.783,0.819,1.17,1.218,1.223,1.377,1.367,1.368,1.21,1.191,1.186,1.355,1.364,1.37,0.085,0.083,0.084,0.085,0.082,0.083,0.082,0.086,0.085,0.086,0.084,0.085,0.859,0.845,0.86,0.819,0.793,0.788,0.769,0.807,0.752,0.706,0.743,0.752
Raw Data (600),15 h 40 min,1.567,1.619,1.593,1.623,1.654,1.607,1.599,1.667,1.619,1.64,1.641,1.588,1.571,1.596,1.587,1.575,1.615,1.602,1.618,1.593,1.594,1.585,1.612,1.56,1.154,1.138,1.141,0.96,0.958,0.931,1.112,1.115,1.113,0.932,0.878,0.859,0.895,0.993,0.901,1.177,1.159,1.097,0.925,0.914,0.902,1.073,1.079,1.003,0.987,0.989,1.005,0.864,0.858,0.83,0.943,1.024,1.016,0.819,0.79,0.821,1.179,1.222,1.232,1.39,1.375,1.374,1.212,1.196,1.191,1.361,1.37,1.374,0.083,0.082,0.083,0.084,0.082,0.083,0.082,0.084,0.085,0.086,0.084,0.084,0.842,0.832,0.84,0.808,0.777,0.766,0.757,0.801,0.744,0.7,0.729,0.725
Raw Data (600),15 h 50 min,1.573,1.628,1.609,1.638,1.659,1.615,1.611,1.676,1.633,1.648,1.644,1.596,1.577,1.595,1.597,1.584,1.614,1.595,1.614,1.594,1.599,1.578,1.605,1.556,1.161,1.134,1.14,0.965,0.958,0.922,1.106,1.109,1.111,0.938,0.895,0.867,0.901,1,0.907,1.179,1.16,1.103,0.935,0.928,0.906,1.077,1.077,1.006,0.994,0.994,1.01,0.849,0.846,0.821,0.939,1.026,1.014,0.817,0.777,0.815,1.175,1.219,1.226,1.381,1.371,1.373,1.21,1.191,1.185,1.354,1.371,1.366,0.084,0.082,0.083,0.084,0.083,0.083,0.082,0.085,0.085,0.085,0.084,0.084,0.852,0.848,0.855,0.822,0.789,0.777,0.767,0.813,0.755,0.708,0.734,0.742
Raw Data (600),16 h ,1.574,1.621,1.6,1.622,1.651,1.607,1.594,1.663,1.616,1.631,1.635,1.588,1.576,1.605,1.599,1.583,1.627,1.612,1.623,1.599,1.605,1.584,1.609,1.558,1.155,1.134,1.143,0.956,0.955,0.921,1.113,1.114,1.117,0.939,0.896,0.877,0.89,0.988,0.898,1.179,1.167,1.104,0.929,0.918,0.902,1.068,1.076,1.008,0.99,0.997,1.005,0.841,0.836,0.812,0.94,1.028,1.012,0.806,0.768,0.811,1.182,1.224,1.234,1.394,1.375,1.379,1.22,1.2,1.193,1.357,1.379,1.375,0.084,0.082,0.083,0.084,0.082,0.083,0.082,0.084,0.084,0.085,0.083,0.084,0.872,0.859,0.874,0.837,0.809,0.799,0.785,0.82,0.752,0.71,0.742,0.745
Raw Data (600),16 h 10 min,1.573,1.628,1.605,1.639,1.655,1.623,1.612,1.679,1.631,1.637,1.645,1.601,1.575,1.603,1.599,1.581,1.625,1.612,1.627,1.597,1.606,1.583,1.611,1.554,1.157,1.134,1.143,0.956,0.955,0.922,1.114,1.113,1.12,0.94,0.893,0.877,0.891,0.989,0.898,1.186,1.174,1.112,0.937,0.925,0.908,1.085,1.091,1.019,0.995,1.003,1.013,0.856,0.85,0.825,0.956,1.034,1.022,0.815,0.786,0.826,1.182,1.218,1.23,1.389,1.374,1.373,1.207,1.196,1.188,1.352,1.373,1.37,0.083,0.082,0.084,0.085,0.083,0.083,0.083,0.084,0.085,0.085,0.084,0.085,0.874,0.861,0.881,0.847,0.819,0.812,0.8,0.832,0.771,0.711,0.744,0.748
Raw Data (600),16 h 20 min,1.572,1.624,1.6,1.63,1.657,1.611,1.602,1.673,1.624,1.641,1.648,1.58,1.574,1.601,1.594,1.581,1.618,1.602,1.625,1.597,1.597,1.587,1.609,1.557,1.159,1.138,1.145,0.952,0.955,0.924,1.114,1.117,1.123,0.938,0.892,0.865,0.887,0.981,0.888,1.175,1.154,1.105,0.917,0.903,0.888,1.075,1.077,1.006,0.994,0.998,1.009,0.855,0.85,0.82,0.954,1.036,1.03,0.816,0.787,0.826,1.18,1.219,1.234,1.399,1.379,1.382,1.215,1.203,1.192,1.362,1.383,1.375,0.085,0.083,0.085,0.085,0.084,0.083,0.083,0.086,0.085,0.086,0.084,0.085,0.872,0.866,0.878,0.845,0.806,0.81,0.787,0.81,0.752,0.704,0.715,0.703
Raw Data (600),16 h 30 min,1.57,1.628,1.601,1.631,1.654,1.611,1.602,1.673,1.625,1.637,1.635,1.607,1.575,1.6,1.605,1.583,1.619,1.605,1.625,1.603,1.607,1.581,1.611,1.552,1.157,1.132,1.141,0.944,0.945,0.911,1.112,1.108,1.117,0.928,0.888,0.869,0.89,0.991,0.895,1.192,1.177,1.117,0.94,0.931,0.907,1.09,1.095,1.021,0.999,1,1.012,0.851,0.845,0.82,0.951,1.032,1.016,0.808,0.778,0.812,1.175,1.214,1.221,1.387,1.373,1.371,1.204,1.191,1.184,1.352,1.372,1.358,0.084,0.083,0.084,0.085,0.083,0.083,0.083,0.085,0.085,0.086,0.083,0.084,0.868,0.856,0.87,0.84,0.799,0.806,0.786,0.815,0.753,0.711,0.743,0.744
Raw Data (600),16 h 40 min,1.569,1.623,1.606,1.63,1.651,1.6,1.597,1.667,1.619,1.63,1.64,1.599,1.577,1.6,1.599,1.58,1.615,1.611,1.624,1.602,1.603,1.579,1.61,1.559,1.159,1.137,1.143,0.946,0.945,0.913,1.109,1.111,1.12,0.931,0.89,0.859,0.884,0.986,0.893,1.187,1.164,1.112,0.921,0.914,0.894,1.084,1.084,1.016,0.998,0.994,1.008,0.844,0.839,0.812,0.949,1.029,1.021,0.808,0.774,0.814,1.174,1.21,1.233,1.392,1.38,1.379,1.211,1.193,1.19,1.357,1.371,1.371,0.085,0.082,0.084,0.084,0.083,0.082,0.082,0.086,0.085,0.085,0.084,0.084,0.861,0.852,0.859,0.829,0.792,0.792,0.775,0.808,0.752,0.712,0.738,0.74
Raw Data (600),16 h 50 min,1.563,1.622,1.598,1.627,1.648,1.601,1.594,1.661,1.615,1.626,1.635,1.586,1.571,1.599,1.592,1.575,1.615,1.609,1.624,1.593,1.601,1.584,1.612,1.556,1.16,1.143,1.153,0.947,0.947,0.915,1.122,1.124,1.122,0.928,0.876,0.855,0.884,0.98,0.884,1.183,1.163,1.111,0.919,0.898,0.882,1.074,1.083,1.005,0.993,0.992,1.004,0.861,0.85,0.824,0.952,1.033,1.022,0.806,0.783,0.818,1.18,1.216,1.229,1.389,1.377,1.372,1.203,1.191,1.188,1.354,1.37,1.373,0.084,0.083,0.085,0.084,0.083,0.083,0.083,0.085,0.085,0.087,0.085,0.084,0.859,0.851,0.859,0.83,0.799,0.794,0.778,0.815,0.745,0.706,0.728,0.724
Raw Data (600),17 h ,1.572,1.617,1.601,1.631,1.649,1.612,1.592,1.658,1.615,1.635,1.633,1.583,1.572,1.593,1.613,1.587,1.623,1.605,1.625,1.608,1.609,1.58,1.615,1.553,1.159,1.135,1.142,0.94,0.936,0.902,1.112,1.107,1.118,0.92,0.878,0.849,0.893,0.994,0.893,1.192,1.173,1.116,0.934,0.924,0.899,1.086,1.094,1.01,0.998,0.999,1.01,0.85,0.845,0.813,0.953,1.031,1.033,0.809,0.782,0.817,1.17,1.204,1.219,1.378,1.369,1.369,1.197,1.188,1.179,1.349,1.367,1.369,0.084,0.082,0.084,0.084,0.083,0.083,0.082,0.085,0.085,0.085,0.084,0.085,0.868,0.85,0.862,0.832,0.79,0.791,0.774,0.8,0.749,0.707,0.732,0.736
Raw Data (600),17 h 10 min,1.574,1.629,1.595,1.623,1.647,1.609,1.592,1.659,1.622,1.632,1.631,1.585,1.572,1.597,1.604,1.583,1.62,1.607,1.623,1.6,1.605,1.585,1.611,1.553,1.159,1.135,1.143,0.939,0.939,0.912,1.111,1.109,1.116,0.921,0.882,0.853,0.889,0.987,0.889,1.194,1.173,1.115,0.925,0.92,0.888,1.08,1.085,1.011,0.996,0.994,1.002,0.845,0.839,0.806,0.952,1.03,1.02,0.798,0.779,0.814,1.168,1.207,1.22,1.387,1.372,1.369,1.201,1.19,1.18,1.35,1.361,1.37,0.084,0.081,0.083,0.083,0.082,0.083,0.083,0.085,0.084,0.086,0.083,0.083,0.864,0.855,0.873,0.847,0.811,0.811,0.797,0.815,0.78,0.719,0.746,0.748
Raw Data (600),17 h 20 min,1.575,1.622,1.59,1.621,1.643,1.603,1.586,1.658,1.619,1.631,1.623,1.592,1.576,1.593,1.602,1.581,1.615,1.603,1.622,1.593,1.603,1.575,1.617,1.553,1.161,1.141,1.153,0.939,0.944,0.909,1.123,1.124,1.13,0.928,0.877,0.855,0.885,0.982,0.886,1.187,1.171,1.119,0.923,0.906,0.891,1.084,1.093,1.013,0.995,0.997,1.009,0.847,0.843,0.809,0.95,1.026,1.017,0.802,0.774,0.811,1.167,1.205,1.227,1.379,1.369,1.37,1.203,1.186,1.182,1.354,1.36,1.372,0.084,0.083,0.085,0.084,0.084,0.083,0.083,0.086,0.086,0.086,0.084,0.084,0.851,0.847,0.852,0.826,0.797,0.787,0.776,0.807,0.751,0.709,0.738,0.738
Raw Data (600),17 h 30 min,1.576,1.628,1.603,1.633,1.651,1.606,1.601,1.671,1.626,1.645,1.636,1.586,1.57,1.589,1.595,1.572,1.613,1.611,1.622,1.598,1.599,1.581,1.603,1.556,1.158,1.137,1.141,0.938,0.932,0.909,1.106,1.109,1.117,0.92,0.886,0.845,0.884,0.981,0.883,1.183,1.166,1.117,0.916,0.899,0.876,1.075,1.085,1.005,0.996,0.997,1.011,0.855,0.85,0.818,0.963,1.047,1.04,0.813,0.789,0.826,1.178,1.205,1.226,1.387,1.377,1.371,1.2,1.191,1.182,1.351,1.36,1.365,0.084,0.083,0.084,0.084,0.083,0.083,0.083,0.086,0.084,0.086,0.084,0.084,0.862,0.855,0.868,0.839,0.8,0.791,0.774,0.791,0.752,0.707,0.733,0.733
Raw Data (600),17 h 40 min,1.572,1.621,1.595,1.618,1.643,1.599,1.597,1.66,1.617,1.624,1.629,1.579,1.567,1.592,1.593,1.571,1.608,1.609,1.619,1.592,1.601,1.572,1.609,1.55,1.149,1.136,1.144,0.927,0.931,0.901,1.11,1.11,1.121,0.918,0.882,0.849,0.883,0.98,0.881,1.186,1.173,1.119,0.924,0.906,0.886,1.088,1.094,1.015,0.998,0.997,1.009,0.846,0.837,0.801,0.959,1.032,1.027,0.797,0.778,0.814,1.17,1.204,1.223,1.38,1.37,1.363,1.195,1.186,1.178,1.349,1.355,1.358,0.084,0.082,0.084,0.085,0.083,0.083,0.083,0.086,0.085,0.086,0.084,0.084,0.862,0.858,0.867,0.839,0.801,0.806,0.788,0.809,0.76,0.716,0.74,0.732
Raw Data (600),17 h 50 min,1.568,1.628,1.597,1.623,1.643,1.591,1.592,1.659,1.613,1.623,1.618,1.579,1.564,1.589,1.588,1.573,1.607,1.604,1.615,1.587,1.595,1.575,1.606,1.548,1.158,1.135,1.146,0.93,0.934,0.901,1.107,1.108,1.119,0.915,0.88,0.838,0.881,0.974,0.877,1.176,1.156,1.117,0.91,0.891,0.87,1.078,1.083,1.01,0.994,0.995,1.003,0.84,0.827,0.797,0.952,1.027,1.02,0.794,0.769,0.81,1.169,1.201,1.218,1.381,1.368,1.365,1.2,1.186,1.18,1.344,1.362,1.362,0.084,0.083,0.083,0.084,0.083,0.083,0.082,0.085,0.084,0.085,0.083,0.084,0.851,0.847,0.85,0.822,0.788,0.788,0.77,0.8,0.747,0.716,0.74,0.736
Raw Data (600),18 h ,1.563,1.617,1.591,1.621,1.639,1.591,1.585,1.651,1.609,1.617,1.62,1.574,1.564,1.582,1.588,1.569,1.608,1.604,1.623,1.59,1.598,1.579,1.607,1.556,1.159,1.145,1.148,0.937,0.939,0.907,1.124,1.122,1.125,0.922,0.873,0.84,0.878,0.97,0.871,1.175,1.155,1.111,0.908,0.886,0.864,1.072,1.077,1,0.991,0.988,1.002,0.856,0.844,0.811,0.959,1.031,1.022,0.794,0.782,0.816,1.17,1.205,1.224,1.38,1.37,1.364,1.194,1.187,1.181,1.347,1.369,1.367,0.084,0.083,0.084,0.084,0.083,0.083,0.083,0.085,0.085,0.085,0.085,0.084,0.86,0.851,0.862,0.823,0.797,0.805,0.786,0.811,0.743,0.71,0.732,0.725
Raw Data (600),18 h 10 min,1.571,1.619,1.598,1.619,1.634,1.602,1.582,1.653,1.611,1.623,1.619,1.57,1.565,1.579,1.597,1.582,1.614,1.599,1.615,1.605,1.6,1.575,1.607,1.549,1.153,1.138,1.14,0.925,0.924,0.894,1.113,1.108,1.119,0.91,0.872,0.838,0.886,0.985,0.883,1.189,1.17,1.121,0.924,0.906,0.888,1.079,1.091,1.002,0.999,0.994,1.007,0.853,0.841,0.807,0.956,1.03,1.018,0.797,0.776,0.817,1.165,1.195,1.217,1.372,1.362,1.363,1.19,1.181,1.177,1.341,1.362,1.357,0.083,0.082,0.083,0.084,0.082,0.082,0.082,0.085,0.085,0.086,0.084,0.084,0.86,0.852,0.865,0.83,0.78,0.787,0.777,0.807,0.746,0.707,0.734,0.738
Raw Data (600),18 h 20 min,1.575,1.631,1.599,1.62,1.64,1.601,1.589,1.654,1.621,1.629,1.624,1.575,1.565,1.585,1.587,1.579,1.618,1.604,1.624,1.598,1.603,1.578,1.614,1.551,1.157,1.141,1.14,0.93,0.931,0.904,1.113,1.113,1.118,0.909,0.872,0.838,0.881,0.978,0.884,1.188,1.168,1.121,0.917,0.899,0.878,1.085,1.088,1.009,1.002,0.994,1.002,0.844,0.834,0.8,0.957,1.035,1.023,0.794,0.776,0.815,1.165,1.197,1.22,1.379,1.363,1.364,1.195,1.184,1.178,1.344,1.355,1.361,0.084,0.082,0.084,0.085,0.082,0.083,0.082,0.085,0.084,0.086,0.084,0.084,0.856,0.852,0.857,0.834,0.803,0.805,0.786,0.811,0.753,0.717,0.752,0.746
Raw Data (600),18 h 30 min,1.571,1.625,1.595,1.618,1.632,1.595,1.581,1.65,1.618,1.625,1.619,1.578,1.567,1.579,1.591,1.579,1.611,1.601,1.618,1.593,1.607,1.57,1.615,1.555,1.153,1.139,1.146,0.93,0.935,0.903,1.119,1.121,1.127,0.917,0.874,0.845,0.881,0.978,0.873,1.19,1.174,1.125,0.917,0.889,0.877,1.083,1.094,1.013,0.998,0.994,1.002,0.846,0.837,0.806,0.953,1.032,1.019,0.797,0.779,0.815,1.17,1.2,1.22,1.373,1.361,1.365,1.188,1.182,1.177,1.345,1.353,1.357,0.085,0.082,0.083,0.084,0.083,0.082,0.083,0.085,0.085,0.085,0.084,0.085,0.853,0.853,0.858,0.834,0.802,0.801,0.787,0.813,0.758,0.714,0.738,0.735
Raw Data (600),18 h 40 min,1.574,1.628,1.597,1.634,1.641,1.595,1.6,1.67,1.632,1.639,1.637,1.573,1.565,1.575,1.582,1.572,1.606,1.607,1.623,1.592,1.595,1.581,1.606,1.553,1.152,1.132,1.14,0.923,0.925,0.903,1.114,1.109,1.116,0.909,0.871,0.839,0.876,0.968,0.872,1.167,1.151,1.113,0.903,0.877,0.858,1.067,1.075,0.991,0.991,0.99,1,0.852,0.84,0.806,0.965,1.042,1.034,0.797,0.785,0.828,1.171,1.201,1.228,1.386,1.373,1.371,1.199,1.193,1.188,1.352,1.361,1.366,0.084,0.083,0.085,0.085,0.083,0.083,0.083,0.086,0.085,0.086,0.084,0.085,0.868,0.865,0.877,0.855,0.814,0.815,0.803,0.823,0.776,0.733,0.76,0.756
Raw Data (600),18 h 50 min,1.574,1.622,1.591,1.629,1.636,1.589,1.587,1.656,1.625,1.626,1.634,1.583,1.566,1.574,1.584,1.57,1.607,1.61,1.622,1.591,1.6,1.573,1.608,1.553,1.155,1.134,1.143,0.924,0.923,0.898,1.11,1.105,1.114,0.907,0.87,0.83,0.882,0.976,0.876,1.184,1.171,1.124,0.911,0.883,0.873,1.075,1.087,1.01,0.995,0.996,1.002,0.846,0.842,0.8,0.956,1.034,1.027,0.795,0.778,0.82,1.163,1.191,1.212,1.37,1.358,1.354,1.182,1.175,1.172,1.337,1.347,1.351,0.084,0.083,0.084,0.085,0.084,0.083,0.083,0.085,0.086,0.086,0.085,0.085,0.848,0.845,0.855,0.821,0.796,0.796,0.785,0.81,0.739,0.707,0.742,0.719
Raw Data (600),19 h ,1.571,1.628,1.594,1.63,1.644,1.592,1.587,1.661,1.623,1.629,1.63,1.567,1.564,1.573,1.584,1.569,1.605,1.602,1.614,1.584,1.593,1.569,1.613,1.55,1.154,1.132,1.14,0.921,0.924,0.898,1.11,1.109,1.114,0.912,0.877,0.833,0.878,0.971,0.871,1.176,1.163,1.117,0.903,0.882,0.864,1.073,1.081,1.007,0.993,0.989,0.996,0.837,0.83,0.789,0.951,1.03,1.02,0.791,0.774,0.814,1.167,1.2,1.223,1.383,1.368,1.364,1.197,1.183,1.183,1.346,1.351,1.357,0.084,0.082,0.084,0.084,0.083,0.082,0.082,0.085,0.085,0.085,0.083,0.083,0.843,0.83,0.832,0.802,0.771,0.77,0.752,0.783,0.729,0.696,0.728,0.708
Raw Data (600),19 h 10 min,1.574,1.627,1.593,1.63,1.643,1.591,1.588,1.661,1.617,1.626,1.633,1.563,1.562,1.567,1.575,1.564,1.6,1.595,1.614,1.583,1.591,1.565,1.601,1.551,1.155,1.134,1.141,0.919,0.918,0.892,1.11,1.107,1.109,0.9,0.862,0.83,0.884,0.978,0.876,1.181,1.166,1.121,0.915,0.887,0.878,1.082,1.086,1.008,0.993,0.989,1,0.85,0.834,0.802,0.959,1.029,1.031,0.796,0.785,0.822,1.163,1.195,1.217,1.372,1.356,1.355,1.181,1.178,1.18,1.339,1.342,1.347,0.083,0.082,0.083,0.084,0.082,0.082,0.082,0.084,0.084,0.085,0.084,0.084,0.851,0.851,0.863,0.836,0.798,0.79,0.786,0.807,0.755,0.72,0.754,0.74
Raw Data (600),19 h 20 min,1.581,1.635,1.604,1.634,1.649,1.603,1.595,1.668,1.633,1.643,1.642,1.583,1.562,1.565,1.59,1.581,1.606,1.6,1.615,1.6,1.6,1.572,1.605,1.553,1.157,1.137,1.14,0.926,0.924,0.897,1.117,1.107,1.111,0.905,0.864,0.836,0.886,0.982,0.877,1.175,1.16,1.121,0.918,0.889,0.87,1.078,1.085,1.01,0.997,0.985,0.998,0.849,0.839,0.805,0.96,1.038,1.028,0.802,0.785,0.824,1.166,1.199,1.225,1.37,1.358,1.365,1.199,1.185,1.18,1.34,1.354,1.355,0.085,0.082,0.084,0.084,0.083,0.083,0.083,0.086,0.086,0.086,0.084,0.085,0.861,0.863,0.874,0.857,0.815,0.811,0.806,0.814,0.77,0.731,0.76,0.755
Raw Data (600),19 h 30 min,1.58,1.639,1.61,1.649,1.661,1.621,1.609,1.688,1.639,1.653,1.645,1.583,1.567,1.569,1.582,1.571,1.601,1.594,1.617,1.579,1.597,1.564,1.599,1.553,1.153,1.135,1.138,0.924,0.923,0.898,1.115,1.112,1.119,0.915,0.876,0.834,0.886,0.981,0.88,1.184,1.173,1.128,0.918,0.892,0.876,1.083,1.088,1.009,1,0.991,1,0.846,0.83,0.801,0.956,1.034,1.018,0.792,0.78,0.82,1.171,1.206,1.23,1.377,1.363,1.361,1.198,1.189,1.19,1.347,1.36,1.362,0.084,0.083,0.084,0.085,0.083,0.083,0.083,0.085,0.086,0.086,0.084,0.084,0.851,0.852,0.868,0.841,0.804,0.811,0.792,0.816,0.758,0.717,0.751,0.743
Raw Data (600),19 h 40 min,1.568,1.624,1.603,1.63,1.64,1.607,1.6,1.672,1.623,1.634,1.624,1.561,1.566,1.563,1.576,1.568,1.605,1.598,1.613,1.577,1.591,1.566,1.606,1.546,1.152,1.141,1.145,0.927,0.933,0.908,1.124,1.116,1.122,0.915,0.873,0.845,0.875,0.967,0.871,1.176,1.164,1.12,0.906,0.873,0.866,1.069,1.082,1.005,1.002,0.989,1,0.841,0.831,0.792,0.958,1.031,1.022,0.79,0.778,0.819,1.168,1.2,1.226,1.371,1.357,1.359,1.192,1.184,1.185,1.342,1.361,1.353,0.084,0.082,0.084,0.085,0.083,0.083,0.083,0.086,0.085,0.085,0.084,0.084,0.855,0.855,0.86,0.84,0.8,0.799,0.788,0.815,0.758,0.718,0.753,0.739
Raw Data (600),19 h 50 min,1.582,1.635,1.606,1.627,1.644,1.594,1.596,1.66,1.615,1.622,1.613,1.549,1.575,1.566,1.573,1.572,1.6,1.593,1.597,1.573,1.572,1.563,1.616,1.551,1.161,1.138,1.141,0.923,0.926,0.906,1.119,1.112,1.121,0.916,0.876,0.84,0.878,0.966,0.865,1.168,1.148,1.115,0.898,0.872,0.855,1.063,1.077,0.995,0.998,0.985,0.997,0.844,0.827,0.797,0.959,1.038,1.026,0.797,0.784,0.823,1.167,1.204,1.227,1.379,1.366,1.366,1.2,1.192,1.189,1.349,1.365,1.353,0.084,0.082,0.083,0.085,0.083,0.083,0.082,0.086,0.085,0.086,0.084,0.085,0.86,0.857,0.867,0.846,0.806,0.804,0.788,0.794,0.755,0.714,0.737,0.704
Raw Data (600),20 h ,1.584,1.634,1.609,1.631,1.639,1.603,1.595,1.663,1.622,1.635,1.625,1.568,1.558,1.557,1.57,1.564,1.594,1.595,1.609,1.578,1.595,1.569,1.606,1.551,1.143,1.126,1.133,0.917,0.923,0.896,1.113,1.107,1.113,0.91,0.872,0.846,0.883,0.968,0.87,1.175,1.166,1.119,0.91,0.878,0.862,1.072,1.08,1.004,0.998,0.991,0.996,0.846,0.828,0.796,0.957,1.036,1.019,0.793,0.779,0.818,1.17,1.203,1.229,1.372,1.364,1.361,1.197,1.19,1.188,1.34,1.353,1.346,0.084,0.082,0.084,0.084,0.083,0.083,0.083,0.085,0.084,0.085,0.085,0.084,0.857,0.855,0.868,0.847,0.801,0.803,0.801,0.814,0.76,0.721,0.75,0.729
Raw Data (600),20 h 10 min,1.589,1.644,1.609,1.629,1.638,1.598,1.591,1.662,1.619,1.628,1.625,1.571,1.56,1.556,1.566,1.567,1.601,1.595,1.609,1.576,1.587,1.566,1.607,1.554,1.148,1.129,1.135,0.922,0.924,0.896,1.11,1.104,1.111,0.915,0.88,0.833,0.882,0.968,0.871,1.174,1.16,1.122,0.908,0.877,0.859,1.076,1.075,1.001,0.995,0.982,0.992,0.843,0.825,0.793,0.958,1.032,1.023,0.792,0.778,0.818,1.168,1.206,1.232,1.376,1.363,1.361,1.196,1.194,1.192,1.344,1.355,1.354,0.083,0.083,0.083,0.084,0.083,0.083,0.082,0.085,0.084,0.085,0.084,0.084,0.838,0.829,0.836,0.802,0.775,0.77,0.761,0.779,0.729,0.697,0.726,0.704
Raw Data (600),20 h 20 min,1.588,1.64,1.611,1.628,1.646,1.6,1.597,1.671,1.625,1.641,1.636,1.578,1.56,1.555,1.56,1.562,1.596,1.592,1.606,1.575,1.587,1.566,1.603,1.561,1.151,1.133,1.135,0.915,0.917,0.892,1.112,1.105,1.109,0.909,0.874,0.841,0.891,0.981,0.883,1.184,1.171,1.128,0.924,0.888,0.876,1.086,1.089,1.009,0.998,0.984,0.995,0.851,0.833,0.798,0.963,1.034,1.016,0.796,0.788,0.824,1.165,1.2,1.223,1.365,1.355,1.351,1.187,1.184,1.185,1.337,1.345,1.342,0.084,0.083,0.084,0.084,0.083,0.083,0.083,0.086,0.085,0.086,0.084,0.084,0.847,0.847,0.851,0.83,0.795,0.797,0.788,0.812,0.754,0.726,0.761,0.731
Raw Data (600),20 h 30 min,1.597,1.642,1.609,1.629,1.642,1.611,1.597,1.675,1.628,1.639,1.634,1.592,1.559,1.549,1.568,1.572,1.594,1.592,1.605,1.587,1.592,1.563,1.604,1.559,1.15,1.136,1.135,0.926,0.921,0.897,1.115,1.105,1.115,0.906,0.867,0.845,0.888,0.984,0.88,1.169,1.159,1.12,0.913,0.884,0.865,1.072,1.08,1.008,1.002,0.985,0.996,0.849,0.834,0.796,0.963,1.037,1.029,0.803,0.79,0.828,1.168,1.203,1.231,1.368,1.357,1.358,1.2,1.188,1.193,1.344,1.35,1.352,0.083,0.082,0.083,0.084,0.082,0.082,0.082,0.084,0.084,0.085,0.084,0.084,0.862,0.86,0.876,0.86,0.816,0.813,0.813,0.82,0.77,0.732,0.763,0.75
Raw Data (600),20 h 40 min,1.599,1.654,1.622,1.646,1.661,1.63,1.62,1.688,1.642,1.655,1.639,1.593,1.569,1.554,1.569,1.566,1.598,1.592,1.607,1.572,1.591,1.564,1.603,1.563,1.149,1.13,1.141,0.931,0.93,0.9,1.117,1.108,1.118,0.917,0.876,0.845,0.894,0.983,0.883,1.182,1.175,1.13,0.925,0.888,0.873,1.079,1.084,1.01,1.001,0.991,0.997,0.851,0.829,0.796,0.96,1.035,1.031,0.793,0.784,0.825,1.175,1.213,1.239,1.375,1.361,1.362,1.197,1.198,1.197,1.346,1.359,1.357,0.084,0.083,0.083,0.083,0.083,0.082,0.083,0.084,0.084,0.086,0.084,0.083,0.85,0.852,0.865,0.842,0.8,0.812,0.804,0.823,0.764,0.73,0.758,0.739
Raw Data (600),20 h 50 min,1.594,1.643,1.611,1.638,1.645,1.608,1.603,1.676,1.626,1.645,1.631,1.576,1.563,1.55,1.566,1.565,1.6,1.6,1.607,1.573,1.591,1.564,1.605,1.562,1.147,1.135,1.141,0.931,0.935,0.91,1.122,1.116,1.124,0.924,0.885,0.857,0.886,0.97,0.87,1.17,1.161,1.123,0.911,0.869,0.858,1.067,1.078,1.005,1.003,0.991,0.996,0.845,0.824,0.791,0.961,1.037,1.023,0.794,0.785,0.825,1.169,1.211,1.231,1.368,1.363,1.361,1.196,1.194,1.196,1.343,1.353,1.352,0.083,0.082,0.083,0.084,0.083,0.082,0.082,0.086,0.084,0.084,0.083,0.084,0.855,0.854,0.863,0.837,0.808,0.811,0.803,0.823,0.762,0.737,0.768,0.747
Raw Data (600),21 h ,1.598,1.645,1.613,1.629,1.646,1.599,1.586,1.662,1.619,1.63,1.614,1.561,1.577,1.555,1.553,1.563,1.598,1.597,1.598,1.569,1.578,1.567,1.63,1.572,1.168,1.133,1.144,0.928,0.935,0.915,1.123,1.112,1.123,0.927,0.89,0.858,0.898,0.967,0.871,1.177,1.151,1.12,0.906,0.854,0.853,1.062,1.074,0.996,1.011,0.989,0.993,0.852,0.83,0.793,0.963,1.039,1.024,0.801,0.791,0.826,1.18,1.215,1.241,1.378,1.373,1.369,1.211,1.205,1.209,1.351,1.36,1.359,0.085,0.082,0.083,0.085,0.083,0.083,0.082,0.085,0.085,0.085,0.083,0.084,0.847,0.844,0.853,0.83,0.805,0.8,0.792,0.803,0.747,0.7,0.721,0.679
Raw Data (600),21 h 10 min,1.594,1.645,1.611,1.627,1.64,1.609,1.594,1.665,1.628,1.642,1.634,1.585,1.556,1.541,1.554,1.56,1.588,1.595,1.601,1.569,1.587,1.559,1.605,1.557,1.143,1.127,1.132,0.921,0.926,0.9,1.113,1.105,1.112,0.916,0.877,0.852,0.898,0.981,0.882,1.177,1.169,1.127,0.928,0.891,0.88,1.085,1.085,1.012,1.003,0.986,0.997,0.85,0.832,0.801,0.961,1.032,1.013,0.8,0.789,0.824,1.173,1.217,1.239,1.371,1.363,1.36,1.2,1.2,1.2,1.342,1.352,1.346,0.084,0.083,0.083,0.085,0.082,0.082,0.082,0.085,0.085,0.085,0.084,0.086,0.86,0.86,0.868,0.849,0.808,0.816,0.809,0.821,0.768,0.728,0.759,0.733
Raw Data (600),21 h 20 min,1.587,1.644,1.608,1.629,1.64,1.599,1.587,1.666,1.617,1.632,1.626,1.577,1.562,1.544,1.556,1.565,1.599,1.599,1.606,1.57,1.583,1.565,1.609,1.558,1.144,1.123,1.131,0.927,0.931,0.903,1.11,1.103,1.111,0.918,0.886,0.843,0.896,0.974,0.876,1.171,1.154,1.123,0.91,0.874,0.861,1.071,1.072,0.999,1,0.987,0.996,0.85,0.829,0.796,0.965,1.038,1.028,0.799,0.792,0.829,1.176,1.216,1.245,1.378,1.367,1.365,1.208,1.204,1.206,1.347,1.359,1.356,0.085,0.083,0.084,0.084,0.084,0.083,0.083,0.085,0.085,0.086,0.085,0.085,0.818,0.814,0.82,0.799,0.766,0.767,0.755,0.772,0.717,0.693,0.713,0.681
Raw Data (600),21 h 30 min,1.589,1.64,1.608,1.625,1.64,1.599,1.582,1.667,1.624,1.638,1.628,1.581,1.563,1.538,1.55,1.558,1.598,1.6,1.602,1.559,1.585,1.566,1.607,1.557,1.155,1.137,1.142,0.935,0.94,0.911,1.127,1.113,1.129,0.927,0.89,0.865,0.893,0.974,0.879,1.166,1.151,1.119,0.912,0.866,0.864,1.063,1.07,0.996,1.002,0.987,0.99,0.846,0.834,0.796,0.963,1.036,1.024,0.799,0.79,0.83,1.171,1.212,1.236,1.369,1.362,1.356,1.197,1.195,1.197,1.335,1.342,1.34,0.084,0.083,0.083,0.084,0.083,0.083,0.083,0.085,0.085,0.085,0.085,0.084,0.855,0.856,0.864,0.844,0.804,0.813,0.807,0.814,0.757,0.731,0.75,0.73
Raw Data (600),21 h 40 min,1.596,1.641,1.609,1.623,1.649,1.605,1.595,1.675,1.627,1.635,1.633,1.583,1.56,1.535,1.559,1.567,1.598,1.594,1.602,1.571,1.589,1.562,1.613,1.55,1.144,1.125,1.129,0.929,0.932,0.906,1.113,1.107,1.115,0.921,0.879,0.857,0.906,0.989,0.885,1.171,1.156,1.126,0.92,0.87,0.867,1.078,1.079,1.008,1,0.985,0.999,0.848,0.832,0.803,0.97,1.04,1.024,0.806,0.796,0.834,1.174,1.217,1.248,1.375,1.366,1.366,1.212,1.208,1.207,1.347,1.363,1.355,0.084,0.083,0.084,0.085,0.083,0.083,0.082,0.085,0.085,0.086,0.084,0.084,0.854,0.856,0.863,0.844,0.806,0.805,0.802,0.809,0.759,0.732,0.762,0.74
Raw Data (600),21 h 50 min,1.596,1.648,1.608,1.614,1.633,1.601,1.586,1.661,1.619,1.637,1.631,1.569,1.552,1.532,1.548,1.551,1.593,1.598,1.606,1.567,1.588,1.566,1.623,1.559,1.142,1.122,1.129,0.929,0.926,0.904,1.114,1.107,1.116,0.921,0.886,0.855,0.901,0.977,0.881,1.171,1.162,1.122,0.923,0.88,0.875,1.077,1.085,1.004,1.003,0.993,0.995,0.849,0.827,0.791,0.966,1.036,1.021,0.798,0.791,0.829,1.168,1.212,1.242,1.368,1.359,1.351,1.19,1.201,1.205,1.337,1.354,1.35,0.084,0.082,0.084,0.084,0.082,0.082,0.082,0.084,0.085,0.085,0.083,0.083,0.866,0.862,0.876,0.853,0.824,0.819,0.812,0.814,0.76,0.732,0.756,0.724
Raw Data (600),22 h ,1.589,1.651,1.618,1.62,1.647,1.605,1.593,1.67,1.622,1.635,1.624,1.581,1.559,1.535,1.552,1.563,1.6,1.6,1.611,1.576,1.591,1.571,1.606,1.556,1.14,1.122,1.131,0.932,0.933,0.908,1.116,1.108,1.118,0.926,0.889,0.859,0.903,0.975,0.884,1.162,1.151,1.12,0.913,0.865,0.863,1.061,1.075,1,0.999,0.986,0.992,0.846,0.822,0.792,0.969,1.038,1.024,0.802,0.796,0.833,1.175,1.223,1.248,1.382,1.37,1.364,1.216,1.21,1.212,1.351,1.355,1.362,0.084,0.083,0.083,0.083,0.082,0.083,0.082,0.085,0.085,0.085,0.083,0.084,0.856,0.858,0.871,0.849,0.804,0.807,0.804,0.811,0.762,0.731,0.76,0.721
Raw Data (600),22 h 10 min,1.602,1.654,1.615,1.621,1.643,1.599,1.59,1.666,1.621,1.643,1.626,1.577,1.57,1.539,1.543,1.557,1.601,1.602,1.606,1.57,1.589,1.574,1.63,1.565,1.152,1.126,1.131,0.936,0.937,0.912,1.117,1.106,1.12,0.929,0.899,0.869,0.914,0.981,0.889,1.183,1.155,1.127,0.924,0.873,0.867,1.068,1.083,0.999,1.014,0.995,1,0.857,0.841,0.797,0.97,1.04,1.024,0.811,0.797,0.83,1.184,1.223,1.245,1.379,1.369,1.363,1.208,1.21,1.212,1.347,1.359,1.357,0.084,0.083,0.084,0.085,0.082,0.083,0.083,0.085,0.085,0.087,0.085,0.086,0.823,0.818,0.819,0.797,0.779,0.775,0.765,0.791,0.722,0.702,0.718,0.683
Raw Data (600),22 h 20 min,1.596,1.651,1.621,1.626,1.643,1.601,1.592,1.671,1.622,1.637,1.626,1.573,1.56,1.537,1.547,1.561,1.601,1.595,1.602,1.57,1.595,1.567,1.621,1.556,1.137,1.118,1.13,0.932,0.939,0.912,1.114,1.107,1.117,0.933,0.89,0.86,0.908,0.979,0.883,1.173,1.156,1.124,0.92,0.874,0.867,1.069,1.079,1.004,1.001,0.993,0.995,0.855,0.834,0.8,0.969,1.039,1.023,0.805,0.797,0.827,1.176,1.226,1.248,1.377,1.369,1.367,1.214,1.209,1.214,1.348,1.359,1.35,0.084,0.082,0.083,0.085,0.083,0.083,0.082,0.085,0.085,0.086,0.084,0.084,0.859,0.858,0.867,0.846,0.811,0.81,0.808,0.816,0.757,0.731,0.756,0.728
Raw Data (600),22 h 30 min,1.603,1.655,1.623,1.625,1.642,1.6,1.591,1.667,1.623,1.642,1.629,1.572,1.563,1.538,1.55,1.564,1.601,1.597,1.607,1.572,1.598,1.571,1.618,1.559,1.147,1.124,1.131,0.936,0.938,0.914,1.117,1.106,1.119,0.935,0.9,0.87,0.915,0.981,0.885,1.185,1.162,1.125,0.926,0.868,0.868,1.07,1.079,0.999,1.019,0.998,1,0.862,0.839,0.803,0.973,1.041,1.022,0.809,0.802,0.829,1.185,1.226,1.252,1.378,1.372,1.361,1.213,1.211,1.214,1.347,1.365,1.356,0.084,0.082,0.083,0.084,0.083,0.082,0.082,0.085,0.085,0.086,0.084,0.086,0.843,0.839,0.854,0.826,0.794,0.801,0.796,0.81,0.754,0.727,0.747,0.723
Raw Data (600),22 h 40 min,1.593,1.649,1.615,1.623,1.636,1.596,1.586,1.666,1.62,1.633,1.62,1.564,1.559,1.535,1.543,1.56,1.593,1.592,1.602,1.569,1.588,1.569,1.619,1.555,1.145,1.127,1.134,0.943,0.948,0.918,1.123,1.114,1.123,0.941,0.905,0.878,0.905,0.978,0.882,1.164,1.142,1.114,0.911,0.868,0.862,1.059,1.063,0.994,1.005,0.988,0.99,0.857,0.842,0.807,0.981,1.051,1.036,0.825,0.808,0.845,1.182,1.231,1.252,1.385,1.377,1.371,1.216,1.218,1.222,1.351,1.364,1.36,0.083,0.082,0.083,0.085,0.084,0.083,0.083,0.085,0.085,0.085,0.084,0.085,0.854,0.852,0.861,0.845,0.81,0.814,0.807,0.812,0.761,0.738,0.752,0.721
Raw Data (600),22 h 50 min,1.593,1.648,1.613,1.621,1.642,1.595,1.581,1.656,1.612,1.628,1.614,1.559,1.563,1.531,1.548,1.561,1.593,1.59,1.599,1.566,1.586,1.566,1.617,1.557,1.136,1.118,1.127,0.934,0.94,0.914,1.115,1.108,1.12,0.935,0.889,0.87,0.905,0.989,0.884,1.162,1.149,1.117,0.926,0.879,0.868,1.068,1.068,0.992,0.994,0.978,0.986,0.858,0.832,0.798,0.971,1.033,1.014,0.805,0.799,0.823,1.179,1.229,1.254,1.379,1.366,1.369,1.219,1.215,1.219,1.346,1.366,1.363,0.084,0.083,0.083,0.084,0.083,0.083,0.082,0.086,0.084,0.086,0.083,0.083,0.833,0.836,0.844,0.818,0.782,0.781,0.785,0.795,0.751,0.723,0.755,0.711